column_1	column_2
8.312727999824587322e-01 -3.932764531411265807e-01
3.025248683795490612e-01 -1.028050323482009976e+00
8.201613022115259444e-01 1.016585687471029731e+00
8.458429167323219255e-01 2.418862292404015957e-01
7.346042179901773883e-01 1.160133281231686464e+00
1.409214435965184808e-01 -1.067866589466628824e+00
9.014278215098606717e-01 9.401258434224675220e-01
5.351164360962115119e-01 3.444031813127660380e-01
9.739880497703500284e-01 3.517873869164698242e-01
4.909377843056982327e-01 -2.757267020763061183e-01
6.492699797925289840e-01 -9.469211488160760304e-01
5.347581969161955273e-01 -9.097101266385154705e-01
5.660351670164054383e-01 8.661190820244298871e-01
7.891987485666493995e-01 -7.325404255940285436e-01
2.397785952188481451e-01 -7.507764253767139628e-01
2.914575571088604544e-01 -1.397085415027095934e+00
4.408604299312064434e-01 1.024426472306326330e+00
5.399316119195062269e-01 3.518314928017965970e-01
7.220717942118081156e-01 4.971169896086820583e-01
8.431604432964736606e-01 -1.831034199874095547e+00
4.869630438523839810e-01 -5.890707793977141282e-01
1.929235885668548756e-01 -1.507038255002456362e+00
9.593223706233733328e-02 -4.936347964360222607e-01
7.754064295977136645e-03 1.410986628236289064e+00
6.765157574276844388e-01 -1.083820806898835531e+00
8.777320625003381949e-02 -1.492746606347429283e+00
7.482514979399018662e-01 -3.593163567219990751e-01
1.149637087662467305e-01 3.445446152364128323e-01
3.158943194088559281e-01 5.957788459257463698e-01
8.212504140167136146e-01 7.023790204592613717e-01
9.718675866770282168e-01 7.103950957086120344e-01
6.749375646133281004e-01 -8.921540367660151238e-01
3.276608322647838190e-01 1.583650747618351895e+00
1.500013109993119098e-01 -1.299205324992713129e+00
6.748639572562220579e-01 -4.445192352929566160e-01
8.779038961610758918e-01 1.723841214978584668e+00
6.476667610932701491e-01 -1.216287447508734409e+00
8.076402648200672330e-01 2.718383410388040544e-01
2.062398109268083202e-01 9.645864718471829080e-02
3.633935512275761059e-01 6.312284311159067629e-01
5.841432670930539750e-01 -2.025185271806346332e+00
1.881392237886195806e-01 -2.038639010408451191e-01
1.031237764831061110e-02 -1.208422427945734512e+00
4.377287797362985344e-01 1.454262663222416763e-01
4.454596552167389145e-01 -7.067654775803071387e-02
4.972430669986104279e-01 4.775568645569543968e-01
7.574481899528736628e-01 -7.181884906857702866e-01
9.615138850336744092e-01 3.963027554597091662e-01
8.471422827412684597e-01 -1.873919333050449998e-01
5.859341176132021323e-01 3.540242739757384349e-01
1.212626279825546050e-03 -2.924524303075122789e-01
1.318189478696474293e-01 2.633823989392553688e+00
4.410885711451021374e-01 -6.802739931427942421e-02
5.212246283138732839e-01 -5.740263385817752084e-01
5.534970875948453939e-01 1.401923684855898022e+00
7.276366258629433093e-01 -3.391827677823993081e-01
1.048859276807631025e-01 -7.162646923633571028e-01
9.120227285422615182e-01 -7.022388240041418372e-01
5.454812374714309575e-01 1.353340525189272059e+00
8.873600448986355138e-01 -6.496731841505352101e-01
2.606592045645294009e-01 9.514829031790958958e-01
8.547722919135815056e-01 1.990338778191874380e-01
3.047497697977019637e-02 4.041910153936524308e-01
8.119521035694488020e-01 1.933520689464556241e+00
5.190935320804725972e-01 -9.296428065736483948e-01
3.247190796053668338e-01 2.829486443200651458e+00
9.986046511304713658e-01 5.745708094852189918e-01
2.243577835041434820e-01 1.027251011215961851e+00
6.259371025316027293e-01 -1.965773181976972150e+00
9.308336417084907000e-01 1.001568850668409283e+00
9.160546280137629171e-01 -1.316570898187719232e-02
5.969766204548185851e-01 -9.425947117940729481e-01
6.973771066235496807e-01 6.633209745861222695e-01
5.046241766171393195e-01 -2.178707967203049323e-01
6.966023026766205994e-01 -5.223159229849137081e-02
3.597777569024602773e-01 -1.116647444208047846e+00
1.152533960294064297e-01 1.163886214175679390e+00
5.964976922629612321e-01 -1.224234405316837915e+00
2.957359044952991844e-01 -5.558980930890667915e-01
3.381681371040684558e-01 7.243339484719690802e-01
9.569794447237577328e-01 -1.188802072010724409e+00
7.043894370113065184e-01 8.186410299812941771e-01
5.073394045941514996e-02 -1.226898873915910571e+00
1.322967677199847758e-01 1.451213469000414813e+00
2.024810620352742729e-01 7.968079613885179491e-01
6.288795749361737464e-01 -2.691613190211016304e-01
6.209397442419799518e-01 -1.657188588918098449e-01
7.272593856444709015e-01 -4.596272007075878907e-01
1.046001113714521980e-01 -5.386629465997635480e-01
2.463341148990609852e-01 1.214832909427704388e+00
5.390995978668529087e-01 1.617244314582523546e-01
7.016427802241431699e-03 -2.953808520504338508e-01
1.774469674000802577e-01 3.624724647770086183e-02
5.295528194298548819e-01 3.989971093401756264e-01
4.136104935415421124e-01 3.180793458733748857e-01
7.956890073424458532e-01 8.127892444925784998e-01
7.704414856297002734e-01 -1.360334310591142237e-01
2.087156828136743636e-01 8.043356192393532611e-01
5.655686743839649644e-03 1.382433633481257251e+00
2.130987096798331315e-02 1.522939014182654871e+00
2.299438328341992799e-01 -1.609433840905341917e+00
1.236378903359137693e-01 -2.094149596338265695e+00
6.201306540103171949e-01 1.375160068537451652e+00
8.547361315586158304e-01 5.987738409218668068e-01
8.166928962265388448e-01 2.129646660039842931e+00
1.767619411894381098e-01 1.317095310256318319e+00
5.515589707664724228e-01 1.020788400182569333e+00
1.710863653826094621e-01 1.310942665763493498e+00
7.738684501667681959e-01 -5.202727310157012619e-01
6.476283444389172583e-01 -5.867150655469235421e-01
9.525210037643949690e-02 1.250969545567238939e+00
5.475674657800830847e-01 -8.335444159070675152e-01
2.765238166246789531e-01 -1.551707316065108255e+00
3.002856497360943955e-01 1.914522373566490909e+00
1.827261522638498059e-01 5.012659843158546735e-01
3.085303669233082635e-01 -7.956812010537752666e-01
7.265385906246224490e-02 3.735366716208340931e-01
7.828681210418481085e-01 6.320506565463051007e-01
3.704372323297119296e-01 -3.974215507418153992e-01
6.387353730465792356e-01 -7.566504163166117847e-01
6.283245357646198848e-01 5.092578238846195982e-02
6.256174128610401119e-01 7.938318202553980019e-01
7.181622847567168400e-01 1.715884508642623318e-01
1.371751744951659191e-01 -2.562744166250127797e+00
9.467389713124235717e-01 5.799036115899778299e-01
4.428373344202815032e-01 1.511573910571025303e+00
8.900304928332447574e-01 3.638367817086349265e-01
7.814981941027454582e-02 5.802924423360912298e-01
9.008977516323690704e-02 -4.277781278207183624e-02
8.252190118588295098e-01 3.131535539025318005e-01
5.311472815517410684e-01 -5.487517278006743826e-01
4.490760944347335082e-01 1.885854096751944653e-01
1.898608683733936653e-01 6.854395196229350340e-01
8.860865775429854763e-01 -6.062522796069125253e-01
2.285993464617502857e-01 5.581382370495598932e-01
9.657986235309794498e-01 -4.315649984244659954e-01
4.393119002083404334e-01 -6.593524192675580542e-01
2.860367380316648500e-01 8.651140500766019148e-01
3.299750535928420714e-01 -6.219427908326811139e-01
7.481414425811805380e-01 1.666129315519816911e+00
6.620718911677350160e-01 8.629438230011310385e-01
8.601548309481321652e-02 8.360197271063782853e-01
7.915696898364251721e-01 6.218230245605772637e-03
3.323835123676617265e-01 6.624367841163442128e-01
9.437521723847496213e-01 3.961472231761701823e-01
2.133088192413801210e-02 -8.782509841929534433e-01
2.373359546225654038e-01 -3.235288684623945366e-01
8.327955225578385079e-01 -8.182269117643167222e-01
7.495288046375295776e-01 -1.075827453386999588e+00
8.045614014446355045e-01 -1.111884739277168466e+00
7.457512284934030289e-01 3.924450449951591979e-01
6.305111223654539243e-01 6.828959140252173210e-01
2.397555809951995576e-01 1.198606971715435288e+00
5.443768667813823070e-01 1.798146621646454779e-01
5.060125084765237924e-01 1.413713599618727779e-01
5.935979197710333777e-01 -6.111354123239849390e-01
5.087261691458300206e-01 -1.257320632928840443e+00
4.785369709698388263e-01 1.882070101624017111e+00
3.725434026889803407e-01 -9.424718897007696716e-01
3.927184528463022462e-01 -3.443244481792914202e-01
6.872122742921424887e-01 5.586061497169096945e-01
5.909641608208294761e-01 -1.282187372168671402e+00
4.648748692236474023e-01 1.522025997474740766e+00
1.237822039616293113e-01 -1.183967631238104223e+00
2.143487591616829446e-01 -7.093268633570500858e-01
5.246155745399982973e-02 5.548638882306811126e-01
2.902125215660928959e-01 -1.701709421218178031e+00
1.012174986042743141e-01 -6.931830818266985217e-01
7.872172729119579770e-01 1.604776541177447946e+00
7.375428268134472942e-01 -7.388889668613092265e-01
7.361587036432218900e-01 -3.547205174768450764e-01
5.493521435668378139e-01 -3.778961765406073092e-01
3.726847741364076594e-01 2.276148424652626456e-01
3.686132364848294651e-01 8.530803194577477044e-02
5.715467657464313733e-01 -2.483658160937392889e+00
6.279150827354268438e-01 2.240497262561546243e+00
3.292127184421085317e-01 -2.844202895539055032e+00
8.281262274413454527e-01 -5.115504216715847097e-01
8.001769473675219846e-01 1.377069928990618752e+00
9.704964813790325495e-01 -5.076710382264202348e-01
5.060997545839120981e-01 9.695641318379718543e-01
3.191827659994022071e-01 -1.551516620500311916e+00
9.845646731441940469e-01 -1.328893288838735254e+00
3.003027930379211785e-01 -3.491952216419454413e-01
1.314689858473716555e-03 -8.570915924191598867e-01
4.674696122443797730e-01 -4.826834678535342205e-01
1.822406937057197140e-01 1.468240652060917861e-01
6.231720532393786316e-01 3.470014830723623933e-01
5.211980278293870672e-01 -2.458009555578733185e-01
4.279735050024533471e-01 3.383442919266578253e-01
8.971326181640597586e-01 -1.367655602420503103e+00
3.157679126242433076e-01 -5.496812967836029427e-03
5.957303660957048441e-01 4.467600258702450478e-01
5.180372523738689949e-01 -5.710945266851827906e-01
3.139500472778083973e-01 1.312850813907834868e-01
2.954561455138622339e-01 -1.971000100781593156e+00
4.048822993212884969e-01 1.425137798487600804e+00
3.847827507464207653e-02 1.316900382548346349e-01
3.193771930261841696e-01 -1.372189685034002515e+00
9.251189061508166001e-01 4.585114411191050232e-01
1.680091186805152681e-01 1.494561289014748162e+00
2.063300531068427146e-01 1.907308470504423259e-01
6.226266349921681931e-01 -5.584090624135620295e-01
4.627357265061124991e-01 -1.921253966105712196e+00
8.641992577932589015e-02 -4.039465408321749051e-01
8.585348504108720746e-01 -1.317714501004263461e+00
2.891726364001823146e-02 -5.814783800212598441e-01
1.507728706622096793e-01 4.176158551468167612e-01
4.644646930362155146e-01 6.305079313074920533e-01
9.109033955696381746e-01 1.832235428019893808e-01
6.719191326301081624e-01 -1.094841679079457675e-01
1.230095989430687320e-01 -8.258835120034894173e-01
5.655480662940409742e-01 -8.381001575958988425e-01
5.909534315754005895e-01 -1.502788873809214110e+00
9.324236548857803841e-01 -1.288850944537564880e+00
4.586856636917140406e-01 -1.977230985177911737e+00
7.577427581074701601e-01 7.890660166278039567e-01
3.031777243040718606e-01 1.135295662795082983e+00
8.466640173275018499e-01 -4.146542080329965185e-02
6.419086709937886770e-01 -1.348143805190001432e+00
7.682947734826662822e-01 -6.924722471482224195e-01
8.699411454703634972e-01 2.398662929312541936e-01
6.694433039822689224e-01 2.476546569927186997e-02
3.310903109070885142e-01 1.103755322616632117e+00
6.860749391725418089e-01 1.034309458722806774e+00
1.804755433654997576e-01 -1.974343666856999135e-01
7.410356555124416600e-01 6.470227095552922858e-01
7.469253080693791791e-01 -1.171078047608223871e+00
9.970385388724573028e-01 -3.134945435164107064e-01
1.855591553075943700e-01 -8.118796863611484893e-01
9.578643579023122800e-01 -3.036078387640789855e-01
4.825960200872970729e-01 -1.357217742637861990e+00
2.525017406933501851e-01 6.715327031733464569e-01
2.669704390416193229e-01 -6.951893751599530491e-01
8.291255560407760905e-01 1.218676364747736107e-01
9.588841598124037136e-01 6.962391687495019799e-01
5.097504086991831995e-01 3.662718010553736581e-01
7.396087988656648848e-01 1.194817011773701143e-01
2.803913159201554262e-02 -1.120355501786917785e+00
9.550463623422670301e-01 3.516062837194867119e-01
3.563911857772885661e-01 4.141723011637006568e-02
3.189205043172558263e-01 -3.607302657338904983e-01
5.371599672703276651e-01 -1.479767860576803429e+00
3.175584012653592803e-01 -3.792895696374095627e-01
2.449435665315848887e-01 2.474381194666009920e-01
5.972038742574423686e-01 1.403600945377189158e+00
7.275185341355950852e-01 -1.003320069886505239e+00
7.882521512392549612e-01 2.083166442192132539e+00
5.827885135428456653e-01 -2.028291859235503480e+00
4.453898857243409060e-01 -7.303826794597760852e-01
4.516972252795909970e-01 5.518543099031355537e-01
9.152655051677049958e-02 -7.663971628479648857e-01
1.178718807321673667e-01 1.071033767353072985e+00
9.586866477875917170e-01 7.950044825625807166e-01
4.139314450308140270e-01 -1.382527319693809820e-01
3.667827422021855410e-01 5.941112251931625066e-01
5.615658393369554746e-01 -3.638164481580464377e-02
3.609262597297978603e-01 -9.410688668722495820e-02
9.044149265681492578e-01 3.291285211969076085e-01
2.202706790045231289e-01 -8.951711659247056918e-01
8.638303003297709282e-04 -9.349968585735621840e-01
7.389227109738313315e-01 -5.925854460605393115e-01
5.880030091550412230e-01 2.313289330168701419e+00
9.199261648935335156e-01 8.784113926802135097e-01
3.043137030829051737e-01 -9.028094534078844324e-01
2.100728602865509220e-01 -6.868428546462884698e-01
4.847911108665806657e-01 -1.923956126583835413e+00
9.728134326119600717e-01 2.895430756388628346e-01
1.540316453403411945e-02 -5.138391411759613003e-01
1.281856152913358748e-01 -4.074678938914897547e-02
8.249093542316205951e-01 -8.840112979535614812e-01
7.237050485629547003e-01 -1.198047826039544184e+00
8.375314038308536713e-01 -1.249311854883520811e-01
1.688825553375874478e-01 -6.479032742134163136e-01
8.121407196865977340e-01 5.995519880038859828e-01
9.966722623419627114e-01 1.333075673980434195e-01
4.737505908555182943e-01 -3.672181436490525863e-01
8.334298010573232274e-01 2.034278345831153967e+00
1.489117808024386092e-01 -1.444972477944854727e+00
8.972214635952927564e-01 -9.985108527842632142e-01
1.333351616413881446e-01 9.340013214465544555e-01
1.343645584928933046e-01 1.912561776495066285e-02
1.288790665086783083e-01 1.763445340068611866e+00
9.617981542111135873e-01 -1.239792100799388397e-01
2.132989277168233500e-01 -3.765203982833267848e-01
3.739183099098380980e-01 4.744868933004106060e-01
1.748995961086012851e-01 -1.518367882366828292e+00
6.884081857316792785e-02 1.300243298122362168e+00
1.072246596650743289e-01 -1.762335972755321167e-01
6.991854210189082375e-01 -1.427842766700383459e+00
1.774449030745125500e-01 1.265519804891239275e+00
6.110918903871577212e-01 8.516947658593442272e-01
1.340608493499002574e-01 -1.968023707272385237e-01
7.642721190162587996e-01 4.713464068905591220e-01
7.412185362862410143e-01 1.090170296384252557e+00
3.683798754473954773e-02 -1.188863873139261784e+00
7.498187860557530282e-01 -3.622338577400459614e-01
5.954349941594547779e-01 4.215117201759460142e-01
8.880613886297558102e-01 1.432746060695178347e-01
5.126603658620327852e-01 -5.024072764629790022e-01
2.472674908171486052e-01 1.755872454516103520e+00
5.607690362832691289e-01 -1.265184588701362634e+00
2.250900436331899623e-01 -1.265726063893551245e+00
9.515036632623948831e-01 3.080722098050462932e-01
6.201672497286354613e-01 -3.531673585561490580e-01
9.981369239484236822e-01 -5.319585792851162509e-01
9.647995803981346263e-03 -4.716866445394300444e-01
2.785244774341556484e-01 -7.224287493015363326e-01
9.777175304342287099e-01 7.751002177997655673e-01
7.888086328267908121e-01 3.655356231097127151e-01
5.758032575265575881e-01 -5.425403271866499066e-01
3.763013691646110992e-02 -2.295559963261219749e-01
2.247673778221621621e-01 7.043358695881628551e-01
2.011029886613033835e-01 -8.813523325795602492e-01
8.397650385743591350e-01 1.287841285387937740e+00
2.109273401322265817e-01 -2.130075466216402869e-01
6.665636901569330641e-01 -7.051179116648795819e-01
3.532433601720078586e-01 2.039301215729760308e+00
1.838617389948334901e-01 1.157399730601022858e+00
3.264429102628348955e-01 7.695712725209519212e-01
6.949802568635832234e-01 1.307237534767009546e+00
9.082523506329931440e-01 -1.562376898539179215e-01
5.715986923628690874e-01 8.538588639925819013e-02
7.734499463427682020e-01 -8.126778116241136773e-01
5.172646532031096589e-01 8.243745487798374016e-01
4.800182306700978563e-01 -8.972543196021414147e-01
8.726921736038359967e-01 -9.137951797897772566e-02
5.481889519267618693e-01 5.104529290554787185e-02
8.349236018165732132e-01 3.310369968550874176e-01
3.824965973537463038e-01 -1.295320999944734597e+00
8.784583877105828220e-01 -1.271781907779716114e+00
1.069683583083458345e-02 -2.802658710886308246e-01
4.954920472393308239e-01 6.458060371445280001e-01
4.391075574982561402e-01 1.396462193164132781e+00
5.149407981116607136e-01 4.571174253486144368e-01
3.713037479916520001e-01 -3.379794299091741228e-01
7.440005740654713762e-01 -1.557489866430637804e+00
5.001078932023705903e-02 -2.247231863640110294e+00
6.718565026359275549e-01 1.461894655306495316e+00
2.538775446113207268e-01 -3.144789254643188814e-01
4.239265404974349449e-01 -6.507715429439586696e-01
1.451725344813614704e-02 6.147087822896286566e-03
2.070993566318740653e-01 -2.378801326028624707e+00
1.285034024978733980e-01 -3.151746741772450955e-01
3.393120587952661582e-01 8.070415452193220596e-02
5.731219518476526886e-01 -1.058926509572776675e+00
9.002685440530067140e-03 4.586125361483749385e-01
4.481384870275774146e-01 -5.413190667782614707e-01
7.399449635123133140e-01 -6.823034299303893935e-01
5.180653136775658085e-01 -9.996073195553963897e-01
2.574813371425144215e-01 1.478998100691922168e+00
1.112695836870071231e-01 -1.291835182044795693e-01
9.612942414170122518e-01 -7.292029199113541083e-01
7.930210866504409095e-01 -6.856336273020200434e-01
9.389442335254457594e-01 1.929984006683083120e-01
3.254376391767326293e-01 1.614065374764476687e-02
2.995991755618298003e-01 7.175275531390772343e-01
2.788591343969381020e-01 -2.435751190583579806e+00
6.580472361084890309e-01 4.308443795096925100e-01
9.960202537503192177e-01 4.957601221804350811e-01
3.491487636879625489e-01 5.816967806526481821e-01
7.395142414761941563e-01 -3.100159192280091958e-01
1.848309517978654615e-01 7.328812593133839925e-01
8.330990238163948902e-02 5.118823461946876430e-01
9.988430941065554736e-01 -4.469908637183851730e-02
4.917127817420087199e-01 1.267583930678582105e+00
1.960761688120897794e-01 -6.904316084059779479e-01
5.031227111287762677e-01 1.262138828633491361e+00
8.110004021877174063e-01 -1.317191726588763656e-01
7.273890254605264172e-02 -1.360227254457749169e+00
3.185806600528400256e-01 2.116859695330762126e+00
5.474668412256732397e-01 1.723514414943104478e-01
6.236864057199414946e-01 1.363868696161260052e+00
3.509853721526318138e-01 1.777049717410468799e-01
8.480671868770872646e-01 2.121314023494796919e-01
1.124428903536811575e-03 -1.036602005023752771e+00
2.911810151448691597e-01 9.387257175956610356e-01
5.006249586252947692e-01 -1.373439001262677372e+00
5.318915856972368239e-01 -5.969277880922775337e-01
6.008977348313320199e-01 -1.672666485493103705e+00
9.342747925347844040e-01 -4.712494316657165894e-01
2.454563744017874694e-01 -9.899467944059360258e-01
3.825583746911187522e-01 8.720497437084148151e-01
3.154738337645033308e-01 1.263384812641895998e-02
4.974023838494617822e-01 6.599379837888089129e-02
5.678438866105630645e-01 1.517442012387810957e+00
2.109535157700268559e-01 -1.219300439689438714e-01
1.223970373816825052e-01 1.873615525168836893e+00
3.693743434296010708e-01 -2.323701629843802685e+00
5.939301434253118073e-01 1.732379984042161369e-01
1.476735445049626172e-02 7.639662711524577432e-01
2.756551837822374118e-02 -1.034181994688817108e+00
9.056568007901183437e-01 -1.670235118059699930e+00
6.313226184783697903e-01 1.433306582521751971e-01
6.832783535582056533e-01 4.484368180849318541e-01
8.291623893004569368e-01 -7.592328190201692584e-01
6.290660937109714412e-01 1.345883906614066206e+00
3.633945302340825245e-01 -5.993613084488965681e-01
6.044306164928257008e-01 -1.962758030653765307e+00
6.667222235908434325e-01 -1.185175632747128116e+00
2.061079577025376475e-01 1.597392229144249054e+00
1.466789891731893336e-01 -5.563395051678504677e-01
3.967868087911557984e-01 -1.587614157693505224e+00
2.023809586540917804e-01 -4.261850085927738618e-01
5.780016537147111277e-01 3.774914158980376966e-01
3.850468343321094000e-01 -1.080230694693061322e+00
4.398246326167529752e-01 8.870393976352047849e-01
5.617754584308553012e-01 2.904605234555516002e+00
8.462518587127292324e-01 -5.061224739636660530e-01
6.746996270183750477e-01 2.957264242471704385e-01
4.830708869817894602e-01 1.756350947275394425e+00
6.593283327930820059e-01 1.657888159562892483e+00
3.083919309243442486e-01 -3.619648363666145841e-01
6.043947226717896193e-01 1.170976631174078797e+00
9.738725283710588654e-01 9.017317910388489288e-01
9.910110116389412305e-01 4.712688187199975398e-01
3.983860194102515351e-01 -2.112536649651185261e+00
3.038749256387538455e-01 -2.078881168329314022e+00
8.810912357796715222e-01 5.384367324212337158e-02
4.515578275841105604e-01 7.339992429142752628e-02
7.644693473740015177e-01 -1.428812104598773391e-01
4.609169467941283127e-01 2.973193849397001154e-01
9.216346326291136037e-01 -3.867151866121216752e-01
9.201242737767884039e-01 6.972817713192093203e-01
5.193098446822934644e-01 7.070023996014089540e-02
4.132896418015392648e-01 4.957899928625496000e-01
1.197704453213853659e-01 2.736193893252779688e-02
9.344653895099184204e-01 2.548481540146354085e+00
8.034318145631421659e-01 -2.042329072701553283e+00
2.746033289096685426e-01 1.572759377691766991e+00
7.898727152070803559e-01 2.375333019734603646e+00
1.035112127943509375e-01 -2.667698833043619100e-01
1.848382735191487214e-01 1.638727417037010303e+00
9.501075730882259096e-01 1.129779804107661212e+00
7.405029923524300006e-01 -1.554690660070548791e+00
2.810423354494330228e-01 -1.452744036062681321e+00
4.435704799741958526e-01 3.221481080605217429e-01
2.129366409250754710e-02 -6.369295333290756478e-01
4.668289360430516455e-01 -9.201766863391490636e-01
4.958539168942720510e-01 -1.548396853242998139e+00
9.124416547962855839e-01 -9.556894446250771558e-02
3.569690867311375859e-01 -5.811656009534825751e-01
9.313032814019560623e-01 -2.434266776758704509e+00
3.823416170906557277e-01 -1.498176521502518233e+00
7.997945213998195468e-01 2.201677220035171079e+00
8.112709688661187135e-01 1.496824801397108384e+00
7.095062100456422938e-01 -1.520778605665710659e+00
9.281335747938738168e-01 -6.599659281964104229e-01
8.100520148501716422e-01 7.443205341353562599e-01
2.229652350051505305e-01 1.401615735746413627e+00
4.040766880824574470e-01 -5.601624853229439926e-01
3.449338435953546167e-01 5.262601547174347028e-01
7.260739491112199184e-01 2.874537783856859208e-01
7.888957481367309121e-01 1.379203919054839689e-01
7.037380354179155750e-01 -1.156089002706638114e-01
2.960611526701443230e-01 1.087520161406120955e+00
2.565202947506095565e-02 -5.322816960745239134e-01
7.336063932025065348e-01 -8.544065156984111953e-01
3.685760094340718718e-01 1.939707133862285993e+00
6.244331696988122404e-01 1.242047968295010962e+00
5.442959750335663038e-01 1.622125174932054881e+00
8.760231202402355422e-01 -7.775717511215716193e-01
5.857994677481848100e-01 1.004482016994206806e+00
7.157766017458971897e-01 5.750269981274338527e-01
4.752763434783934260e-01 -5.533940432862088921e-01
4.968557613764050807e-01 1.194535786110428321e-01
6.991515871770562773e-01 1.573310364908605319e+00
7.248902606790676995e-01 5.972790686435420771e-01
6.434872068750029372e-01 1.850981864408367761e+00
2.572216721287302610e-01 7.420734207022433582e-01
1.734781222097994124e-01 9.540061545182138003e-01
4.218953254681044873e-01 1.260769987616183307e+00
3.441697757420277837e-01 -1.279808746366543903e-01
8.469219107580840955e-01 -1.226490475622679766e+00
4.818928454056392585e-01 -1.442090679554411115e-01
9.542382114556791084e-02 3.165056147485439952e-02
1.362189113139375962e-01 3.259402907236723657e+00
6.828476354604916532e-01 8.666247056778177971e-01
7.627293526657087375e-01 -9.750554162747557818e-01
1.822627758655668284e-01 9.429432660070881100e-01
6.057948808105807492e-01 3.763327632665493250e-02
3.107985162713688965e-01 -1.365863925983228366e+00
7.613661858406357563e-01 6.425497145452711834e-02
2.157648197922090727e-02 -7.315453787305378208e-01
4.782876681222523185e-01 -1.154956720965129469e+00
1.084366351477731305e-01 -7.966859859304750158e-01
9.512160371569575723e-01 6.210827152466833478e-01
4.745139661909847373e-01 -1.080877065641479978e-01
4.302447313495980641e-01 -3.094970132623289238e-01
6.194988350807582034e-01 1.218649581935825621e+00
6.906738720509190133e-01 1.374425802276062925e+00
7.256134880732283410e-01 -2.483576098429641499e-01
2.488772245549741857e-01 9.310603876188193739e-01
4.546471424633025116e-02 -5.569979779040022949e-01
3.755932302003531786e-01 -1.531248957473005656e-01
4.318218315461086476e-04 -1.660017798679237266e+00
5.279094745655564802e-01 1.780723668270344451e+00
2.374105780882431738e-01 -3.745042385319545253e-01
1.699282776531456651e-01 3.694608698413610059e-01
4.047086314169379140e-02 6.329344785603789880e-01
7.208019294736587312e-01 -7.092494324465721256e-01
5.418988586576055644e-01 -1.347370042363981169e+00
9.919927901184411034e-02 1.229427965507664949e-01
4.988686764120897621e-02 4.593129509867552862e-01
1.102930645113325836e-01 -9.584240542910583971e-02
1.802206311558582907e-01 -2.351396200751393328e-01
7.431352664721473378e-01 7.828302434558457312e-01
6.700420934183445310e-01 9.177743021427494652e-01
9.992219169905454113e-01 -1.654003024323600149e-02
3.286056377136448159e-01 1.061143046870040463e+00
7.936843139069434949e-01 -9.745791927969216228e-01
1.528819020353704428e-01 -6.851587333214276265e-01
8.596213926610785094e-02 9.830241997174381519e-01
4.542477928763750672e-01 -9.987943674527042237e-01
5.184578694386421382e-01 1.103623471764740627e+00
1.572336506979857829e-01 -6.226350842195340629e-01
4.826590637608972889e-01 -6.208645405766395342e-01
7.308965296733160866e-01 -1.001137472647106730e+00
8.633839160749146036e-01 -1.604435262624854808e-01
5.732543438159040106e-01 -2.317659577300892546e-02
8.987108468620017554e-01 -2.278575068786078406e-01
9.551803392256373870e-01 6.623501093836029474e-01
1.412021825653200224e-01 -1.351476334383767020e+00
1.819508969606963289e-01 -4.418507440983753809e-01
9.970695199785901686e-01 1.996286975781995210e+00
1.684851101686467567e-01 -5.560542503408304887e-02
9.351554789915571542e-01 1.265697543014539406e+00
9.616694480720859861e-01 9.931250016975546879e-01
2.104993502987290155e-01 -1.129528572931811081e-01
1.916235685570512048e-01 8.199567773889577804e-01
4.329800018276762641e-01 -1.534689725124632975e+00
2.683088935561321886e-01 -6.556518565015231337e-01
1.440876261656283130e-01 -2.329476855472474295e+00
3.193549905088484131e-01 1.039284853452737023e+00
3.405520211812944620e-01 8.676021414675897381e-01
8.875518897735121815e-01 -1.271390703404693123e-01
8.880248774250343313e-02 1.776073611438021560e+00
4.366160470258447779e-01 7.006449092790743016e-01
3.700746931115670435e-01 6.161022737074179911e-01
8.138754995462760267e-01 -1.078070644524278698e+00
4.759859602688265579e-02 -3.450098175092131125e-01
9.774156618477511937e-01 -7.294776035309028517e-01
7.451131978048186610e-02 -4.730090157485203339e-01
9.116148095665784767e-01 8.085977139652229528e-01
2.580306162477530307e-01 -1.773471177638747120e-01
4.033431497851122094e-01 1.298784462906839687e+00
7.178895025300369159e-02 6.028145569313758667e-01
4.112052459382532499e-01 -4.761863778396396296e-01
8.884284828670185874e-02 -4.592905692732519030e-01
8.106065425811070924e-02 -1.264582420222774284e-01
9.406457452468592884e-01 2.459228110830497804e-01
7.249359758872432336e-01 3.249107493700748028e-01
3.955619170846034205e-01 -1.208751489922447325e-01
9.354947794512546988e-02 1.915929455800962633e-01
9.138658313989685977e-01 -1.200359490040278754e+00
6.324042389528121699e-01 -9.529710867462580504e-02
9.082906139821886882e-01 -1.245268859304957454e+00
8.074407685769113829e-02 -8.152909235091090334e-01
8.271661776613981054e-01 1.844740502698850593e-01
1.986291348289792591e-01 -8.224455538655178755e-01
2.863639950417764535e-01 -7.602921223182951271e-01
9.570107127400400149e-01 9.837541922773533898e-01
3.311354752725852446e-01 -4.368543603449010632e-02
2.512025102818705724e-01 -1.682001440296890360e+00
9.751151825653172622e-01 1.082132692458078749e+00
2.263137112863718992e-01 9.381885765846928460e-02
1.413259269486808467e-01 -9.335967202650179431e-01
7.931352735978729473e-01 -1.786738662206648620e-01
1.789465516472601436e-01 2.434167927060523484e-01
2.364138223265085381e-01 -1.485557026979460682e+00
2.362763907553421250e-01 -2.507978543960782264e-02
2.791030186364806820e-01 -1.273839355261553175e-01
9.515119670868494861e-01 7.319203470161826930e-01
7.754185925361477549e-01 1.265749889347705937e+00
1.644625378135855520e-02 7.077899937109239925e-01
2.260811990525587456e-01 -6.021483464488888160e-01
8.090261573713090071e-01 1.640941658495277844e+00
8.406134978981870676e-01 1.385947670310381241e+00
6.013276934657205697e-01 -8.638316866467141697e-01
2.564099810807404234e-01 -1.193334784990899705e-01
5.795003274002291649e-01 8.263177858134317377e-01
2.431947996914098908e-01 -1.293518742132392818e+00
7.039178516251205497e-01 1.505672715406965345e+00
3.400888732498794642e-01 3.444504239761172482e-01
6.572972566014118057e-01 -8.482653394514362288e-01
1.067984759518962878e-01 -1.325984084328053703e+00
3.382655448318483415e-02 -8.855395144259812223e-01
7.923989983774104573e-02 -8.961311322924376821e-01
4.491452458411534510e-01 5.073458611739154467e-01
4.943354214310128336e-01 4.518057852255105145e-01
1.316993357477900251e-01 -1.695630940162431710e-01
7.273521866331777996e-01 -1.098444284329108900e+00
1.766792950463093037e-01 -1.149940736264026819e+00
7.499649817341418334e-01 3.928407958354406815e-01
2.140523697860691188e-01 9.830634286271627831e-01
1.781974789605638154e-01 4.160605387802154276e-01
2.006470791645712515e-01 -2.252819006075116592e-01
2.350443591001587507e-01 3.920239384412494976e-01
4.376345280744384780e-01 9.204643201145550346e-01
5.092317507599181114e-01 -8.686782177909879721e-01
5.348092176058921732e-01 -2.194442781980958934e-01
7.827070025108207041e-01 -3.157213892361219743e-01
7.726327701238177026e-01 -1.225460767843918053e-01
3.773845207281790737e-01 -4.180238431004716926e-01
6.142929880712326707e-01 -7.495072582560577956e-01
5.670942729360962664e-01 2.791360313600182774e+00
8.704651800996551225e-01 -1.628491765844271688e+00
1.570702649198607581e-02 9.715990205853839434e-01
1.909412402834376188e-03 -4.849193043004531578e-01
4.510996128265482019e-01 -3.174407915863839413e-01
8.486942394576186821e-01 -5.681091653749094084e-01
6.555888933114959460e-01 3.864399987691746197e-01
7.033589100175415831e-01 -1.357417089752413153e+00
6.657414594442674360e-01 -1.119735333522332343e+00
6.671113212279097260e-01 1.499339779231256831e+00
9.532063541208104507e-01 -4.028874239860489870e-01
7.991251033724705577e-01 -1.164374106738002901e+00
1.067721777752740353e-01 -1.903138741224501995e+00
9.830715444458741903e-01 1.993531211716384477e-01
9.153458102184908185e-01 6.004165928516080886e-01
6.311942034304515170e-01 1.466611730724338702e+00
9.484053074446142650e-01 -2.257709663364115826e+00
2.518969008124980480e-01 -8.196992310762329925e-01
7.184060115997891183e-01 4.603017188439950114e-01
6.469500127988212501e-01 -1.880057733574695134e-01
9.998198145401471226e-01 -3.154417461490083840e-01
6.531489376804010538e-01 2.772160031711241590e-01
4.675888926056942507e-01 9.502357851811301659e-01
2.921501468544710489e-01 8.590650186715145242e-01
5.265319519776568979e-01 -1.072834461072883938e+00
4.182736632367721752e-01 1.759305783647376747e-02
8.761390886302087289e-01 -2.209267681831141306e-01
9.478968521774503442e-01 -1.513722556848770440e+00
1.476464763890408260e-01 -1.288387806859143891e+00
9.724832280470213641e-01 8.762276645080288029e-01
5.687235082208385029e-01 -1.060698926992866387e+00
3.102585902859611444e-03 8.505235312172637618e-01
3.884021340360618302e-01 -1.325622805243967361e+00
4.171329040263203058e-01 -2.131389301084627708e-01
3.778856961560738137e-01 8.546199371693856683e-01
8.257351317178354133e-01 -1.345488103774882260e+00
2.220135765811865891e-01 6.526994280837173923e-01
3.632523567790663099e-01 -1.496091424397005265e-01
9.532118824862924056e-01 5.159922835181895810e-03
1.436329970635696895e-01 2.600626477898817068e+00
5.848368605228138062e-02 -8.584150765145241724e-02
5.697818681606018343e-01 9.959950144180097498e-01
7.490443270371138773e-02 -1.483647103724573313e+00
3.879996717807059348e-01 9.748374069694538679e-01
8.593975856461922858e-01 -1.148420837211750589e+00
3.874687994231000854e-01 -7.996576035668990778e-01
8.552009485638151220e-01 -4.025074717014996972e-01
4.065003469339845132e-02 -3.903338289779041681e-02
1.398775712083231149e-01 -3.252990961085814314e-01
5.877101378785636321e-01 -5.616055661960973611e-01
3.285737399900583444e-01 1.178256632342711718e+00
4.987480799629230299e-01 2.359770960333018863e-01
6.154365270084415362e-01 -3.654145935684013358e-01
2.079702538051386718e-02 -4.460340986730883528e-01
1.324001430833221526e-03 4.228191437229108507e-01
2.517966062816271444e-01 -3.538579702647577929e-01
9.829305652915200087e-01 1.545605152166227014e-01
3.940219886305136310e-01 -1.095192562246646073e+00
4.658971879161487584e-01 -6.729532069489800872e-01
8.661396945018506877e-01 4.754778071543511730e-01
6.770943418165602523e-01 -1.472992768642273909e+00
4.481766141897897127e-01 1.792994933767221521e+00
2.729050709712992351e-01 1.083039993952996660e+00
2.961585263191826023e-01 -1.512178881426001098e+00
1.069384095672711865e-01 1.444116335968699039e+00
3.283926055529167165e-01 1.167954391345507936e+00
7.943575330599661477e-01 6.458000849705171076e-01
7.299922702034762345e-01 -1.190541578179233673e+00
3.450291466704064058e-01 8.330376973300180898e-01
9.175119442770697242e-01 1.558485478757662412e-01
9.142011653586963327e-01 1.854095720272231684e+00
3.189973901003797518e-01 -5.739362335260453918e-01
1.768590673838290606e-01 -4.333346148108410678e-01
2.502224641500435665e-01 4.147301878102693795e-01
9.964078431466422137e-01 1.459537008154584870e+00
2.800407139552970603e-01 8.017274974107040375e-01
9.099858431730756259e-01 1.305772083178991627e+00
6.875166581228435714e-01 2.402907808708034179e-02
3.777355619685578425e-01 -1.341465613068405283e+00
6.676276462703996106e-01 -2.904695111099621641e-01
7.057041690713711235e-01 -1.315601150019721569e-02
5.073372255671682041e-02 -3.663936561212621235e-01
9.812238057208888531e-02 -1.349535000000411933e-01
1.732716991901274151e-01 1.307724531655454436e+00
5.950771652981767801e-02 1.033460158309210453e+00
9.123663377697568411e-01 -1.828961899265037161e+00
6.365498410948966512e-02 2.798971324913122061e+00
1.474297447223777979e-01 2.698977144467182399e+00
7.308940951095624916e-01 -5.622322887176529616e-01
1.074778073661419864e-02 -1.585065515330952524e+00
8.165062634437891820e-01 9.771688764235283431e-01
4.093912334081369897e-01 -1.169605854474912610e+00
2.632162677703813181e-01 -3.372543333346821104e+00
1.104368877751630285e-01 5.651419416318217426e-01
1.703349024348491669e-01 1.181770726458937631e-01
1.187013514681931614e-01 -8.343848803200124564e-01
3.650261439908406569e-01 -9.486931651468315518e-01
9.772509901082200301e-01 -8.955692886384392093e-01
5.859898071874566350e-01 -1.038508393637397775e+00
1.703083162802284667e-01 1.191266080162633800e+00
1.430735034479093670e-01 -9.362539160088648726e-01
5.772159091737910641e-01 7.010917026462257784e-01
2.194460465317918940e-01 -1.191176149228254655e+00
2.967406913223535891e-02 1.154356276416096838e+00
4.644718737355411076e-01 -1.047499663261361569e+00
5.691338517756516779e-01 6.375544144361319221e-01
4.955524247788511971e-01 -1.414603437606995584e+00
4.315283189923037055e-01 5.866837882585708153e-01
5.153030921765412442e-01 1.333905613575981475e+00
3.354835700463895121e-01 -1.563524759453124746e+00
8.839016037102909173e-01 -2.738640853912270579e-02
6.299600555589884854e-01 -1.521842606798176956e+00
1.411580002673700207e-01 2.149781705547652577e-01
8.133475348759127144e-01 -3.245847406605877755e-02
5.945700567170960626e-01 1.079142885439393185e+00
9.833287498212496258e-01 1.252250063084565213e+00
4.640133433281727893e-01 -1.078788469483630719e+00
6.694833286750255796e-01 -6.809245555554679918e-02
2.698642837923678206e-01 1.239997248966851595e+00
1.308067187053085778e-01 1.689636694406033424e-01
3.579379089696618221e-01 4.347919994116338782e-01
1.872973473213661588e-01 2.250005903623577108e+00
9.443208453481103382e-01 2.245255812293276865e+00
8.417885019605143571e-01 3.319795721319160342e-01
8.678521659209564865e-01 8.491401674947819667e-02
8.684325912001352732e-01 -1.436984157659695338e-01
4.295382813735180161e-01 2.387165333373622855e-01
7.018033508074479343e-01 -6.483772596205652494e-01
3.756780192871624902e-01 1.540921872479596166e-01
6.241866875949085847e-01 -6.660444062412569366e-01
5.902340788197746324e-01 1.430232439291613922e+00
2.160658238030611633e-01 6.212474566575955093e-01
3.765123422518518170e-01 1.061835612087167896e-01
9.566087167309705874e-01 -5.508449808161026695e-01
5.131980270753949691e-01 -1.578997475099059189e+00
4.222193064049337696e-01 5.293053787848207570e-01
5.829087247075714906e-01 1.130757611957555087e+00
5.908554883285730419e-01 -1.498649597069502959e-01
9.920082754263301883e-01 9.808788573266787880e-01
3.215584159643336548e-01 2.265246298616163667e-01
7.065768324284739110e-01 2.472741244310454611e-01
2.644964100167903620e-01 4.931138174901100735e-01
9.038953045310234025e-01 -3.184091455979380647e-02
2.920518007261263538e-01 -6.017792274446659428e-01
5.348697453743670449e-01 -4.850953132839289639e-01
1.679176677923660543e-01 2.092177510716418665e-01
5.303977568484989913e-01 6.113809391579249075e-01
9.520005864372409476e-01 -1.145447515195266774e+00
6.433760628144716831e-01 -8.594648683934039690e-01
7.679115653669322805e-01 1.106898073441658636e-01
7.180331063934353164e-01 -3.435338351031672066e-02
8.264530247730028645e-01 -1.257414587233605330e+00
8.036828740722978814e-02 -1.419836753469196466e+00
9.235408062433988485e-01 -1.584127454581603534e+00
8.144253447403448920e-01 -5.202207451762725920e-01
4.583483709024971375e-02 1.945602422253754238e+00
5.599838232245477609e-01 1.717547295744317637e+00
9.640554345167979822e-01 -6.698167769985519104e-01
3.026034429335127118e-01 -8.687180706099769667e-01
5.522595002628231109e-01 -1.200681240380049752e+00
4.276413046891430758e-01 -1.071947506050728027e-01
8.308250604469756828e-01 -1.867978372847841351e-01
4.276660356553378950e-01 7.582193560394032139e-02
2.243750701999578379e-01 2.638172985335401344e-01
1.101297381570084388e-01 -1.469417352884536454e+00
1.805982302383010163e-01 3.924918003745055950e-01
5.041760803616385234e-01 1.060422324852315024e+00
1.815461295749656312e-01 1.967621130776042504e+00
7.581110345172870080e-01 -5.657194077124996223e-01
1.402225789469586648e-01 -1.344608264105520812e+00
6.049641993403047646e-01 1.549764417263644667e+00
9.324577218684110269e-01 -1.518350115322563809e+00
7.087236109602031986e-01 1.563435736616083371e+00
6.989511333960034545e-01 -1.660701062814619045e+00
2.855680123601060938e-01 -1.293563837808730632e+00
4.177292518166784152e-01 -1.140273721604783796e+00
5.098813926689029774e-01 -2.365446207379015564e-02
3.512316719758405981e-01 -1.013860573180155100e+00
6.649691269504103275e-01 3.677220262357551173e-01
8.315980446982852436e-01 -2.514457804683462583e-01
4.131820432149093669e-01 1.461587685534345149e-01
4.632876034321633529e-01 1.091136949570539194e+00
7.404850314403905731e-01 5.453909484175172295e-01
3.659405660759909029e-01 1.593143966469612871e-01
6.504209142856909320e-01 2.454257945567702492e+00
7.410812147279284279e-01 -2.131923659064885734e-01
4.786770975191901867e-01 1.881519106680264120e+00
9.794378222815459667e-01 -9.074410714489246355e-02
5.140719680761255406e-01 -3.927689534057393073e-01
5.449701839507935519e-01 -1.265740689637212313e+00
1.538046299875674983e-01 -1.177899187250306401e+00
3.579721043171157913e-01 7.392820315844389478e-02
2.028611822761433592e-01 1.847760447825656793e-01
6.835621648171695819e-01 -1.059647817583568852e+00
1.568282222468744269e-01 -1.578221818466431225e-01
3.346432425130110300e-01 1.282793514907900834e+00
7.749314955623742840e-02 1.035165129664293637e+00
1.558827037441935515e-01 7.971664574699006689e-01
7.396491956554586134e-01 -1.051970894093330111e+00
6.326040059309615549e-01 1.588410523176095657e+00
4.487258238710390978e-01 -1.662037648950736024e-01
2.628156092017525092e-01 1.461811110844826178e+00
9.249517498816614003e-01 -2.360344827821233282e-01
1.534045974973834436e-01 -1.006968496694031101e+00
5.955962972504413866e-01 3.563864953032219174e-01
1.541408402101860364e-01 -1.186634806264149855e+00
8.383668484008440780e-01 -4.644031489126819179e-01
2.857707901515547100e-01 -4.593600338604971745e-01
4.974849334971553905e-02 5.210207011333957139e-01
1.057972542465057675e-01 -1.195391598640855424e+00
3.914418440770779384e-01 1.915704920760290308e+00
7.078344737918265128e-01 1.055926911370959731e+00
9.751688590488100106e-01 5.649016573874421354e-01
3.312210640507096127e-02 -7.557857319407500496e-01
7.722650973858062873e-01 3.542958584351575402e-01
5.354056624796852404e-01 -1.332541285002373010e+00
9.354820011821765036e-01 -4.791646963278309301e-01
9.189919038398717266e-01 1.535684492643142107e+00
2.091203295468844203e-01 -9.161450238911192367e-02
9.048568280081119575e-01 7.413558904234264224e-01
8.976052106272095488e-01 -1.708768819402525896e+00
9.345263779678458782e-02 6.558688348171294313e-01
1.040473962241510453e-01 1.160944948673179100e+00
7.865640544044517624e-01 -9.678860194028096053e-01
9.930705955766813142e-01 -2.698087189095120797e-01
5.329657331819774857e-01 -1.551817510792599775e+00
3.967270049046495162e-01 -1.408785012911282442e+00
7.156734737926051526e-01 -1.146101254543300474e+00
2.039492161109717205e-01 1.887304606840658761e-01
7.026616358902456616e-01 -8.989669600400916893e-01
5.387798709660943652e-01 1.741710902725625898e+00
1.374733241249643800e-01 1.354527964308818611e+00
2.783611357923946317e-01 5.856179879673423239e-01
8.828578998993131810e-01 -1.202908902296346977e-01
7.594355644330176291e-01 2.323950049501675164e-01
9.821588241521851392e-01 1.811544044894556782e+00
5.633659042227393554e-01 -9.976486968238881259e-01
4.884334444959567145e-01 -1.853462862208189010e+00
9.871870258659936059e-01 -1.398435498118979270e+00
9.450501566665414632e-01 2.235084333804400192e-01
9.138901374823448220e-01 -6.559830487063952331e-01
5.574884599799897478e-01 4.141878954076015917e-01
8.882684623714550698e-01 -7.349633903291639125e-01
6.492164226212557843e-01 -1.663267846854800558e+00
3.444926080267496360e-02 -6.068786112778240538e-01
7.128429802141215132e-01 -4.800079471003050879e-01
8.671067687998743612e-01 4.002084327224568749e-01
9.465989641188784498e-01 -4.981171764678647418e-01
5.506996056947253138e-01 2.202999958609108688e-01
9.640854065908851522e-01 4.251679563032417092e-02
7.546853695277931928e-01 2.677804319921583409e-01
8.776107160655453043e-01 -2.255112673749609109e-01
7.317068829664855611e-01 2.412500678532409626e-01
1.902013350903414279e-01 -1.214819405433663402e+00
3.843726950358467009e-01 -1.273248564675473427e+00
1.508312473095729800e-02 -5.651902411425118178e-01
3.466591201894403396e-01 -4.407634459388743431e-01
1.721388950937539075e-01 -6.828546289329763264e-01
5.211285886774287279e-01 -1.435775757608070968e+00
5.502325505820333529e-01 2.778321243131017804e-01
8.176656786632858775e-01 1.997191948055004218e+00
8.121302780629185980e-01 8.288474740615675573e-01
5.343097463801932401e-01 -5.797269051727967082e-02
8.627325385394173374e-01 -4.114606579469765046e-01
9.560210648327792660e-01 1.281823657030850827e-01
5.147821446139586588e-01 7.182622797869254727e-01
3.288089163243512747e-01 1.984446795733619817e+00
2.336390386815867526e-01 -2.868920897762280986e-01
9.084038501266777921e-02 9.527473702504241082e-01
3.159505094345802512e-01 5.187671328931361403e-01
5.362037102968334468e-01 9.014491606413162217e-02
1.874315271463025123e-01 1.901842323059485196e+00
1.780928155460729245e-01 1.470101667488154629e+00
6.652408930266344722e-01 -2.217239201144855620e+00
3.411169835061306221e-01 1.517608754096752888e+00
8.976327149928945426e-01 -2.954155428554707252e-01
7.424318580288503666e-01 -6.407309224048557406e-01
8.341779631182344446e-01 8.196960697090543979e-01
6.207731639848332872e-01 4.129478153749012725e-01
2.309605541979098398e-02 -2.926699191045188941e-01
4.032247135938533678e-01 -2.170327162093775228e-02
8.583330734320478994e-01 -2.948076365575253099e+00
1.159248981057116046e-01 -2.854700910685318282e-01
2.749089050990294325e-01 -3.501302668499281512e-01
9.029962465139224070e-01 4.370963267774969352e-01
3.449023398234815074e-01 7.105598274419682170e-01
3.090508242490668245e-01 -1.399745049447844947e+00
5.891447494936128404e-01 1.000824988243135039e+00
4.355120464329365060e-02 -6.962474882950837607e-01
3.130176111703656394e-01 -2.187501554913402035e+00
2.321984925267789324e-01 -6.359034492186685927e-01
8.975386953942795509e-01 -3.970455769466953999e-01
2.383246043047556606e-01 -6.469454107188961078e-01
2.533043236133579734e-01 4.216888700770379805e-01
5.059315383690098367e-01 1.260335488385962710e-01
2.478676871797591552e-03 -3.162232401368310075e-01
7.119573523802757986e-01 1.804817196020606085e+00
7.917488281593477728e-01 1.010554827031698855e+00
9.869443433737268290e-02 8.324652272325246960e-01
1.407058388066422250e-01 2.990874026466764923e-01
5.595766468359076873e-01 5.267171691560175173e-01
8.225877315098558684e-01 1.220066668968711188e+00
8.144980337232810008e-01 -6.757444111468017267e-01
2.904954612986926366e-01 1.998516405566303500e-01
8.372001708633171058e-01 -1.121000755333156462e+00
6.636329135347411867e-01 1.056045970397465839e+00
7.526921975190622449e-01 -3.866125843599121925e-01
8.246647379745272177e-01 -3.091959086961558745e-01
1.860494953265069418e-01 1.106076099197823431e-01
1.334570738382775401e-01 2.417330556793500784e-01
4.176016538435125547e-01 -1.097288572146225827e-01
8.461116651244898756e-01 2.023656666163133888e-01
7.566966711619194097e-01 1.421751787436737191e-01
4.084658152426710043e-01 -1.034881965464028664e+00
5.626538933365425876e-01 -1.821327516901885213e+00
7.774053495487898147e-02 -1.193309312831095204e+00
6.870427966747859605e-01 1.299362379505453857e+00
9.668141012458637551e-01 -7.988217923335191317e-01
1.161106678392800351e-01 1.265465498948171064e+00
3.213404489755402604e-01 -1.889372194896186130e+00
8.327578150530483558e-01 -4.951915032375461823e-01
4.051121708796918686e-01 7.389706022343786040e-01
7.324415983255847529e-01 -4.578916933332365380e-01
2.132906316044941297e-01 -1.864251868731204090e-02
4.660643889216109503e-02 3.635907967044977318e-01
3.868343919007523057e-01 3.373861013619807725e-01
6.231051677262963162e-01 -1.840762459532244044e+00
8.498590183721201896e-01 -1.785705803083116328e+00
6.242802776628918471e-01 5.464213156500639587e-03
6.001732242830546404e-01 9.054592891412185374e-01
2.932998492599331319e-01 1.584073117914001905e-01
2.781257164023602790e-01 9.743029434454559823e-01
1.352208242552324080e-01 -4.930022165837670833e-01
2.422995197106952991e-01 7.370591618498171238e-01
8.895110775688873650e-01 1.208238409598513668e-01
8.164733467450708826e-01 -9.892307159244521086e-01
4.195174744860149518e-01 1.571067809898380574e+00
8.399785884931239011e-01 3.012635181800610296e-01
3.391780944176512325e-01 5.073986370576923921e-01
8.865326526810179963e-02 5.484112983327671387e-01
3.555703648512120729e-01 -7.831214976377670611e-02
7.855922782215822853e-01 -7.046422274356424487e-02
3.311327664976927432e-01 -1.324560502384730887e+00
3.982670275839410579e-01 -7.521257586099187042e-01
3.027552216530126072e-01 7.006775469045724014e-01
6.153974696571337111e-01 9.666508578395309748e-01
1.080006974427394351e-01 -6.385289923664445588e-01
2.439097641712073550e-01 -1.250090444337790707e+00
6.222335525987128246e-01 -6.689157836545646107e-01
3.536249884254660802e-01 -9.426447272697369151e-01
2.968204567955080586e-01 -5.781876063407948019e-01
4.420964020718166632e-01 5.640809667720442233e-01
8.586509298122499967e-01 -7.518420157894092348e-01
2.226269459062767408e-01 5.737428717004461332e-01
9.800200286422784401e-01 -2.262321782946629778e+00
6.402701147746486798e-01 3.423471833384723051e-01
7.942714221342059844e-01 2.215518906972280821e-01
6.527876085456500999e-01 1.305580625282172003e+00
3.994572812271119933e-01 3.461856428298146215e-01
5.604841784724019504e-01 -1.299777432317821502e+00
9.839229387257043546e-01 8.566754648767539448e-01
9.481516475818320133e-01 8.147788482907195595e-01
4.049038320762222698e-01 -9.091837433658443990e-01
9.727326283917390182e-01 1.626639777419953414e-01
5.030614324466597953e-01 -6.143452759871916025e-03
8.774148754781714299e-01 8.611059722235464564e-02
8.936653344901379636e-01 2.289618715988789854e-01
2.333512759534754899e-01 1.145053711493526638e+00
1.686532866037442346e-01 1.334952486808212713e-01
8.465728689856096834e-01 7.804563595906217621e-01
5.299201674129784267e-01 3.809632570461279344e-01
8.425504797660444689e-01 5.262236752924327465e-01
2.141730119541886967e-01 -9.459603004593274134e-02
4.979514621074998537e-01 3.903124635532206899e-01
3.266159495545917224e-01 -3.667984355049813683e-01
4.736506790561271218e-01 1.968002103252507906e+00
9.035285068897312977e-01 8.015277115148150555e-01
2.740044028209498439e-02 -7.970963745642484222e-01
5.091824362620982480e-01 1.332704599126903533e+00
1.702193138785149662e-01 -5.173118294504417403e-01
2.234969177245542671e-01 -1.292085189648278509e-01
3.698462883976587623e-01 3.563265789677730333e-01
4.680889477317151659e-03 3.078052390020545648e+00
3.134470802370593612e-01 -1.066073017888101715e+00
9.407209640155776986e-01 2.618281045337897406e-01
6.281615842792465099e-01 -6.206911818358752386e-01
7.157479547511714779e-01 1.036572340901844358e+00
8.277707830151720403e-01 2.108921087756592538e-01
4.225178126896123043e-01 -2.855986389224015112e-02
2.287628034405057020e-01 -1.685021285775265831e-01
3.729598644993289414e-01 -8.107311515928692369e-01
3.719557635235576365e-01 2.880590876426295743e+00
6.084126802628342379e-02 5.413254354236286536e-01
4.160227354081061923e-01 5.874447974798661098e-01
1.349435312820490562e-01 1.562828928336370327e+00
