CST,Max TemperatureF,Mean TemperatureF,Min TemperatureF,Max Dew PointF,MeanDew PointF,Min DewpointF,Max Humidity, Mean Humidity, Min Humidity, Max Sea Level PressureIn, Mean Sea Level PressureIn, Min Sea Level PressureIn, Max VisibilityMiles, Mean VisibilityMiles, Min VisibilityMiles, Max Wind SpeedMPH, Mean Wind SpeedMPH, Max Gust SpeedMPH,PrecipitationIn, CloudCover, Events, WindDirDegrees
1991-11-20,46,44,41,45,36,28,93,73,54,30.11,30.03,29.93,20,12,2,15,11,,0.10,7,Fog-Rain,14
1991-11-21,53,42,32,35,32,29,96,69,42,30.09,30.05,29.98,20,15,3,10,4,,0.00,1,,220
1991-11-22,51,41,31,43,38,31,100,85,56,30.02,30.00,29.97,20,7,0,12,6,,0.00,4,Fog,200
1991-11-23,46,36,24,43,30,18,93,80,66,29.93,29.77,29.70,10,6,1,29,16,34,0.00,8,Fog-Rain-Snow,213
1991-11-24,27,24,21,22,20,14,91,81,71,30.14,29.93,29.75,15,7,4,23,19,,0.10,8,Fog-Snow,269
1991-11-25,23,20,16,13,11,10,81,71,60,30.35,30.27,30.14,20,14,10,15,11,,0.00,1,,287
1991-11-26,35,24,13,21,15,9,88,69,46,30.38,30.28,30.05,15,14,10,21,9,30,0.00,4,,205
1991-11-27,43,39,35,36,32,24,93,77,55,30.16,30.01,29.84,15,8,4,23,20,29,0.20,7,Fog-Rain,241
1991-11-28,39,36,36,37,35,32,97,90,79,30.20,30.10,29.96,10,6,2,20,10,,0.40,8,Fog-Rain,42
1991-11-29,61,50,39,55,47,37,100,87,70,29.97,29.85,29.57,15,7,2,23,10,29,0.30,8,Fog-Rain,176
1991-11-30,62,46,29,56,34,22,90,71,53,30.28,29.89,29.47,20,15,4,29,22,39,0.00,7,Rain,255
1991-12-1,32,28,24,20,17,12,81,63,46,30.34,30.26,30.20,20,13,10,12,8,,0.00,6,,280
1991-12-2,34,32,29,30,24,14,96,75,54,30.23,30.01,29.68,15,8,0,18,12,,0.40,7,Rain-Snow,45
1991-12-3,31,23,15,29,21,11,96,87,81,29.87,29.77,29.64,10,4,1,21,14,,0.00,8,Fog-Snow,277
1991-12-4,13,8,3,10,1,-2,88,78,70,30.34,30.20,29.91,20,11,2,21,17,26,0.00,5,Fog-Snow,267
1991-12-5,37,22,8,30,15,1,84,76,69,30.35,30.09,29.84,15,10,4,23,12,32,0.00,8,Snow,232
1991-12-6,39,24,11,34,16,5,83,73,53,30.24,30.10,29.83,15,10,8,18,12,,0.00,4,,229
1991-12-7,50,46,41,47,42,32,96,88,70,29.87,29.83,29.76,10,6,3,21,14,,0.00,8,Fog,219
1991-12-8,61,52,41,59,49,35,96,87,68,29.96,29.77,29.65,10,7,3,23,13,29,0.10,6,Fog-Rain,233
1991-12-9,41,37,33,35,33,30,96,87,73,30.11,30.06,30.00,10,7,3,12,7,,0.00,3,Fog,274
1991-12-10,48,39,30,38,33,29,100,82,59,30.12,30.07,29.99,20,13,1,18,9,25,0.00,2,Fog,224
1991-12-11,46,42,37,37,35,32,93,80,56,30.20,30.15,30.00,20,11,5,12,8,,0.00,3,Fog,61
1991-12-12,61,50,39,56,45,32,97,84,45,30.12,29.75,29.51,20,8,2,26,14,46,0.40,8,Fog-Rain,200
1991-12-13,46,40,35,39,34,32,93,83,71,30.00,29.92,29.79,10,6,3,15,8,,0.00,6,Fog,275
1991-12-14,37,30,24,36,18,10,93,63,51,30.28,30.06,29.83,20,14,2,34,19,46,0.00,4,Fog-Rain,271
1991-12-15,30,22,11,25,10,0,88,61,46,30.42,30.25,30.09,20,16,2,23,16,32,0.00,3,Fog-Snow,277
1991-12-16,37,24,11,29,15,1,82,62,50,30.40,30.16,29.94,20,17,10,18,9,,0.00,5,,225
1991-12-17,36,32,28,29,22,13,89,66,45,30.25,30.03,29.85,20,15,10,26,14,29,0.00,3,,273
1991-12-18,25,20,15,11,5,-3,68,53,40,30.77,30.57,30.28,20,20,20,18,14,,0.00,2,,330
1991-12-19,32,24,15,17,13,7,81,64,46,30.83,30.76,30.63,20,13,10,16,6,,0.00,4,,188
1991-12-20,34,32,31,33,25,17,96,76,54,30.64,30.47,30.33,20,10,3,17,13,,0.10,7,Fog-Snow,215
1991-12-21,35,32,28,33,28,22,96,88,69,30.47,30.38,30.25,8,5,1,14,10,,0.00,6,Fog,255
1991-12-22,37,33,29,36,32,27,100,97,92,30.22,30.03,29.83,6,3,0,22,14,,0.00,8,Fog,232
1991-12-23,37,32,27,35,27,18,97,76,60,30.09,29.91,29.77,20,11,2,23,11,23,0.20,6,Fog-Rain,343
1991-12-24,42,32,22,28,24,17,88,74,53,30.17,30.09,30.04,20,18,10,18,9,,0.00,0,,265
1991-12-25,42,32,23,32,26,21,96,84,58,30.33,30.27,30.18,20,14,6,7,4,,0.00,1,,228
1991-12-26,45,37,29,32,30,28,96,79,54,30.40,30.26,30.19,15,10,6,14,8,,0.00,5,,243
1991-12-27,36,35,34,33,31,30,89,85,80,30.59,30.53,30.41,10,6,2,14,10,,0.00,8,Fog,55
1991-12-28,37,36,34,33,32,31,92,85,82,30.48,30.25,30.05,10,6,5,14,9,,0.00,8,Fog,45
1991-12-29,37,34,32,32,29,26,89,83,76,30.18,30.08,30.02,7,5,3,12,8,,0.00,8,Fog,327
1991-12-30,36,34,32,30,28,27,86,80,76,30.44,30.33,30.19,10,7,3,12,6,,0.00,8,Fog,52
1991-12-31,34,33,32,28,27,26,86,80,76,30.53,30.48,30.44,7,5,4,9,7,,0.00,8,Fog,166
1992-1-1,36,33,31,32,29,27,89,85,79,30.47,30.40,30.30,10,6,3,10,6,,0.00,8,Fog,142
1992-1-2,46,41,36,41,38,32,96,89,80,30.26,30.11,30.00,10,5,3,12,8,,0.00,8,Fog,179
1992-1-3,42,40,37,41,37,31,100,89,76,30.06,30.01,29.98,10,5,0,12,3,,0.00,8,Fog,283
1992-1-4,37,36,35,33,32,30,86,82,79,30.17,30.11,30.03,7,6,4,12,4,,0.00,8,Fog,17
1992-1-5,36,35,34,32,30,30,86,83,80,30.17,30.10,30.02,10,7,3,10,7,,0.00,8,Fog,148
1992-1-6,37,35,33,33,31,29,96,86,79,30.10,30.04,30.00,10,6,2,12,8,,0.00,8,Fog,270
1992-1-7,36,34,33,31,30,29,89,85,80,30.21,30.17,30.11,10,5,3,17,5,,0.00,8,Fog,120
1992-1-8,43,38,35,42,36,30,97,92,82,30.14,29.95,29.72,10,4,1,17,14,22,0.00,8,Fog-Rain,177
1992-1-9,44,39,34,42,35,31,96,91,82,29.98,29.85,29.69,10,6,2,17,13,,0.00,8,Fog-Rain,260
1992-1-10,34,32,30,30,25,18,93,76,52,30.07,30.02,29.96,15,8,3,15,12,,0.00,5,Fog-Snow,278
1992-1-11,46,38,30,35,30,21,85,73,39,30.00,29.93,29.80,20,17,10,17,12,,0.00,0,,233
1992-1-12,39,36,34,38,33,28,97,84,73,29.89,29.80,29.72,20,12,1,21,14,,0.00,6,Fog-Rain,215
1992-1-13,41,36,30,40,34,28,97,92,82,29.75,29.69,29.59,10,4,1,20,13,34,0.00,8,Fog-Rain-Snow,328
1992-1-14,29,24,20,27,16,11,96,74,57,29.98,29.76,29.53,20,12,1,23,17,34,0.00,6,Fog-Snow,305
1992-1-15,21,10,-3,18,7,-12,92,76,58,30.23,30.02,29.94,20,11,0,23,7,26,0.00,5,Fog-Snow,310
1992-1-16,25,10,-5,18,1,-13,79,73,64,30.23,29.98,29.66,20,14,7,23,16,26,0.00,6,,232
1992-1-17,32,22,11,28,15,0,89,67,51,30.21,29.93,29.65,20,15,7,29,17,26,0.00,4,Snow,284
1992-1-18,20,12,4,7,-4,-8,70,61,51,30.44,30.37,30.23,20,19,6,17,14,,0.00,0,,286
1992-1-19,33,16,-2,26,5,-8,79,70,53,30.43,30.14,29.84,20,17,10,23,13,34,0.00,4,,238
1992-1-20,33,25,17,25,15,6,85,68,51,30.21,30.08,29.88,15,10,10,21,13,,0.00,4,,277
1992-1-21,41,35,29,32,28,25,96,80,58,30.02,29.98,29.94,10,8,4,18,11,,0.00,1,Fog,60
1992-1-22,42,37,32,37,34,30,97,86,73,29.95,29.78,29.55,10,7,3,17,9,,0.00,8,Fog-Rain,194
1992-1-23,39,29,18,38,28,9,97,84,68,29.64,29.47,29.39,10,5,1,23,16,31,0.00,8,Fog-Rain-Snow,263
1992-1-24,23,19,15,12,6,3,78,61,42,30.15,30.00,29.68,20,16,2,20,15,29,0.00,2,Snow,289
1992-1-25,,,,,,,,,,30.33,30.07,29.90,20,6,0,16,7,,0.00,8,Fog,41
1992-1-26,,,,,,,,,,30.42,30.32,30.21,20,11,5,14,7,,0.00,4,Fog,209
1992-1-27,33,31,29,28,25,22,82,78,75,30.40,30.24,30.14,15,8,4,17,13,,0.00,5,Fog,272
1992-1-28,33,30,28,25,23,19,82,74,67,30.44,30.39,30.31,10,9,7,12,1,,0.00,8,,247
1992-1-29,32,30,28,31,28,25,96,89,82,30.32,30.23,30.07,10,4,3,17,13,,0.00,8,Fog,230
1992-1-30,37,34,30,33,32,29,100,91,79,30.06,29.95,29.90,10,4,1,14,9,,0.00,7,Fog,265
1992-1-31,37,34,29,32,28,19,96,78,61,30.19,30.00,29.91,20,10,3,20,9,,0.00,8,Fog-Snow,333
1992-2-1,35,31,27,23,21,20,75,70,59,30.31,30.26,30.20,20,16,10,13,7,,0.00,4,,25
1992-2-2,46,36,26,35,29,20,100,78,56,30.25,30.16,30.09,20,14,10,13,3,,0.00,2,,219
1992-2-3,57,44,30,43,38,30,100,85,57,30.11,30.03,29.92,10,8,2,12,2,,0.00,3,Fog,226
1992-2-4,41,37,33,36,28,22,93,71,56,30.18,30.07,29.93,15,10,2,17,13,,0.00,7,Fog,357
1992-2-5,39,34,29,28,25,22,89,70,51,30.15,30.05,29.90,20,15,10,12,7,,0.00,3,,269
1992-2-6,39,34,29,30,27,25,92,77,65,29.89,29.77,29.71,15,10,7,14,11,,0.00,4,,264
1992-2-7,36,30,24,23,18,11,75,61,49,29.86,29.78,29.74,20,12,5,17,11,,0.00,6,Snow,308
1992-2-8,24,20,16,13,7,3,77,59,46,30.23,30.04,29.88,20,16,3,17,13,,0.00,5,Snow,306
1992-2-9,28,20,11,14,5,0,70,52,34,30.43,30.36,30.25,20,18,10,13,8,,0.00,2,,247
1992-2-10,36,32,27,33,22,13,96,68,45,30.33,30.20,30.12,20,10,1,23,14,29,0.00,8,Fog-Snow,214
1992-2-11,35,29,23,34,22,12,96,74,60,30.57,30.40,30.18,20,12,3,17,11,26,0.00,7,Fog,17
1992-2-12,30,25,20,20,15,11,75,66,45,30.55,30.41,30.16,20,14,7,21,13,,0.00,6,,93
1992-2-13,33,30,27,29,26,21,92,86,78,30.13,30.01,29.93,10,4,3,12,5,,0.00,8,Fog-Snow,261
1992-2-14,34,33,32,32,29,27,100,85,79,30.10,30.02,29.83,6,4,2,14,5,,0.20,8,Fog-Rain,165
1992-2-15,37,35,33,38,34,28,100,96,82,29.86,29.62,29.50,10,4,0,17,11,,0.40,8,Fog-Rain,334
1992-2-16,36,34,33,33,31,28,92,85,82,30.19,30.11,29.92,10,6,3,14,9,,0.00,8,Fog,256
1992-2-17,39,38,36,35,34,33,93,88,82,30.20,30.11,29.96,10,6,3,17,10,,0.10,8,Fog,99
1992-2-18,48,42,36,47,40,35,100,96,83,29.90,29.77,29.69,10,3,0,14,9,,0.30,8,Fog-Rain,124
1992-2-19,42,38,34,41,35,32,100,92,86,30.14,29.89,29.71,8,5,2,17,10,,0.00,8,Fog-Rain-Snow,283
1992-2-20,46,39,32,39,33,30,93,83,65,30.21,30.11,29.94,15,8,4,23,11,34,0.00,7,Fog,247
1992-2-21,37,34,30,32,27,24,86,75,67,30.39,30.29,30.14,15,12,7,15,9,,0.00,6,Rain,37
1992-2-22,46,41,36,38,35,32,89,82,68,30.18,30.12,30.08,10,8,5,9,5,,0.00,6,Fog,49
1992-2-23,43,39,35,39,36,31,97,88,82,30.12,30.10,30.06,10,6,0,15,7,,0.00,6,Fog,52
1992-2-24,43,38,34,36,34,31,97,88,74,30.14,30.08,30.03,10,5,2,16,9,,0.30,8,Fog-Rain,64
1992-2-25,37,35,33,34,29,25,96,79,67,30.13,30.09,30.04,15,8,2,14,10,,0.00,8,Fog,303
1992-2-26,41,35,29,33,26,22,86,70,58,30.05,29.85,29.71,20,13,7,21,12,23,0.00,5,,263
1992-2-27,46,39,32,34,32,29,96,81,60,29.85,29.81,29.78,15,10,4,16,8,,0.00,4,Fog,269
1992-2-28,48,40,33,41,34,24,96,84,68,29.95,29.63,29.40,15,9,2,29,14,25,0.00,7,Fog-Rain,275
1992-2-29,37,32,26,28,20,8,82,62,35,30.22,30.11,29.98,20,18,10,17,12,,0.00,2,,279
1992-3-1,68,52,35,43,37,29,82,59,36,30.02,29.90,29.81,20,20,20,20,13,31,0.00,1,,229
1992-3-2,61,49,37,42,38,35,97,79,50,30.15,30.04,29.94,20,8,2,9,3,,0.00,5,Fog,9
1992-3-3,42,40,37,39,38,36,100,96,85,30.18,30.14,30.12,6,1,0,14,11,,0.00,7,Fog,51
1992-3-4,61,49,37,44,39,34,97,74,49,30.15,30.10,30.05,10,6,2,8,4,,0.00,3,Fog,65
1992-3-5,63,56,48,57,49,41,100,81,63,30.08,30.02,29.95,10,5,0,12,2,,0.20,8,Fog-Rain,75
1992-3-6,62,55,48,59,53,48,100,94,80,29.95,29.85,29.76,10,3,0,17,6,,0.10,7,Fog-Rain-Thunderstorm,95
1992-3-7,53,50,46,52,49,45,100,95,86,29.93,29.80,29.71,10,3,0,9,4,,0.00,8,Fog-Rain-Thunderstorm,329
1992-3-8,61,53,45,50,48,45,100,80,60,30.04,29.99,29.93,20,8,1,12,5,,0.00,7,Fog,252
1992-3-9,63,46,29,56,44,26,93,81,69,29.91,29.72,29.53,15,9,2,23,14,36,0.70,7,Fog-Rain-Thunderstorm,200
1992-3-10,28,24,20,26,16,8,92,80,60,29.97,29.78,29.65,20,6,0,23,16,29,0.20,8,Fog-Snow,336
1992-3-11,27,21,15,17,9,6,77,60,41,30.06,29.96,29.91,20,15,5,14,10,,0.00,4,Snow,302
1992-3-12,36,27,18,14,10,6,78,57,32,30.08,29.99,29.90,20,15,6,14,9,,0.00,3,,340
1992-3-13,32,24,15,24,13,7,88,57,41,30.08,30.01,29.96,20,16,2,12,8,,0.00,4,Snow,273
1992-3-14,32,29,26,26,21,15,96,74,58,30.09,30.00,29.93,15,10,4,12,4,,0.10,7,Fog-Snow,354
1992-3-15,33,30,26,20,16,12,75,59,42,30.29,30.22,30.09,20,18,7,14,4,,0.00,3,,39
1992-3-16,46,34,23,39,25,15,80,64,52,30.27,30.06,29.84,20,14,10,23,12,34,0.10,4,Rain-Thunderstorm,212
1992-3-17,44,39,34,36,30,16,86,70,48,30.17,29.98,29.79,20,14,5,21,11,21,0.00,3,Fog-Rain,35
1992-3-18,36,34,31,27,24,20,73,68,57,30.16,29.99,29.84,20,15,10,22,17,24,0.00,6,,57
1992-3-19,39,36,32,29,25,22,82,67,49,30.06,29.98,29.86,20,20,15,18,12,,0.00,5,,56
1992-3-20,42,36,31,33,26,21,82,70,60,30.14,30.04,29.98,20,13,6,17,7,,0.00,4,Snow,291
1992-3-21,33,30,27,32,24,12,100,79,42,30.16,30.04,29.79,20,8,0,14,5,,0.40,6,Fog-Snow,110
1992-3-22,34,31,25,32,23,15,100,75,50,30.01,29.88,29.74,20,10,1,23,13,,0.20,6,Fog-Rain-Snow,14
1992-3-23,48,34,21,25,21,17,85,61,30,30.08,30.04,29.97,20,14,10,8,4,,0.00,1,,263
1992-3-24,57,44,31,32,30,27,89,57,36,30.12,30.08,30.06,20,16,10,20,6,,0.00,0,,222
1992-3-25,48,44,36,42,37,30,93,75,56,30.05,29.93,29.87,15,10,5,15,11,,0.00,6,Fog-Rain,231
1992-3-26,50,42,33,38,31,19,92,71,47,29.96,29.85,29.74,15,10,2,25,10,28,0.00,6,Fog-Rain-Snow-Thunderstorm,264
1992-3-27,39,33,27,29,26,20,89,74,63,30.30,30.20,29.99,15,12,10,17,14,,0.00,4,,6
1992-3-28,48,38,27,36,28,20,100,74,32,30.36,30.29,30.21,15,9,2,14,4,,0.10,5,Fog-Rain,83
1992-3-29,43,40,37,38,36,34,100,89,73,30.21,30.09,30.02,10,7,2,13,9,,0.20,8,Fog-Rain,81
1992-3-30,48,42,36,36,34,30,97,78,48,30.09,30.04,30.00,15,10,6,14,10,,0.00,6,Fog,33
1992-3-31,51,42,33,41,29,21,85,64,40,30.02,29.90,29.82,20,15,5,18,9,23,0.10,6,Fog-Rain,271
1992-4-1,37,33,29,28,23,15,92,68,41,30.03,29.99,29.92,20,10,1,15,10,,0.00,7,Fog-Snow,358
1992-4-2,36,31,26,26,20,15,92,66,43,30.08,30.03,29.98,20,16,3,13,9,,0.00,4,Snow,311
1992-4-3,50,39,28,35,26,19,93,66,32,29.95,29.74,29.59,20,12,6,18,10,23,0.00,6,Fog-Rain,212
1992-4-4,44,40,35,35,28,20,96,67,42,30.12,29.85,29.57,20,12,3,21,10,,0.00,5,Fog,20
1992-4-5,50,40,30,30,25,21,82,56,35,30.30,30.23,30.13,20,18,10,13,2,,0.00,0,,81
1992-4-6,64,52,39,34,31,27,65,45,30,30.22,30.10,29.98,20,16,10,20,9,,0.00,4,,207
1992-4-7,62,54,46,44,39,32,79,64,48,30.05,29.95,29.80,20,12,7,14,10,,0.00,5,,214
1992-4-8,60,52,43,41,34,24,89,59,31,30.14,30.08,30.01,20,13,8,14,4,,0.00,5,,36
1992-4-9,62,52,36,40,33,32,86,57,40,30.10,29.97,28.20,10,10,10,14,12,,0.00,6,Rain,55
1992-4-10,69,56,44,61,47,31,83,74,54,30.09,29.92,29.69,10,7,3,17,9,,0.00,7,Fog-Rain,120
1992-4-11,60,51,42,57,44,33,96,85,65,30.20,29.92,29.71,10,7,2,23,11,,0.10,8,Fog-Rain-Thunderstorm,339
1992-4-12,42,38,34,32,22,13,71,57,40,30.61,30.49,30.22,20,17,10,21,15,,0.00,4,,18
1992-4-13,42,38,33,32,25,16,73,59,46,30.61,30.50,30.36,20,12,8,15,13,,0.00,8,Rain,76
1992-4-14,45,41,37,38,36,30,97,80,68,30.33,30.29,30.23,10,6,3,17,11,,0.10,8,Fog-Rain,64
1992-4-15,60,50,39,53,42,32,93,78,65,30.27,30.09,29.94,10,5,2,21,12,,0.40,7,Fog-Rain-Thunderstorm,93
1992-4-16,68,54,39,61,52,37,100,92,78,30.00,29.87,29.82,10,6,2,21,12,,0.20,8,Fog-Rain,220
1992-4-17,43,40,37,39,38,36,97,91,85,30.11,30.05,29.99,7,6,4,16,12,23,0.00,8,Fog,33
1992-4-18,64,52,41,61,50,39,100,95,84,30.01,29.89,29.82,10,3,1,12,7,,0.10,8,Fog,68
1992-4-19,70,66,62,62,60,56,97,85,73,29.82,29.79,29.76,10,8,5,23,12,34,0.10,8,Fog-Rain,192
1992-4-20,69,65,61,64,60,58,97,86,73,29.75,29.64,29.52,10,7,3,23,17,29,0.00,8,Fog-Rain,184
1992-4-21,61,52,42,53,41,34,89,75,59,29.73,29.64,29.56,20,15,7,22,15,29,0.00,6,Rain,227
1992-4-22,48,42,37,36,33,29,76,69,63,30.07,29.91,29.74,20,14,10,21,14,23,0.00,7,,237
1992-4-23,54,48,43,46,42,36,100,81,71,30.08,29.99,29.90,15,8,1,14,4,,0.20,7,Fog-Rain,28
1992-4-24,48,46,41,44,42,40,97,89,79,30.02,29.99,29.95,10,5,3,17,9,,0.10,8,Fog-Rain,310
1992-4-25,46,42,39,40,36,33,100,79,59,30.05,30.00,29.98,20,12,5,14,8,,0.10,8,Fog-Rain,350
1992-4-26,48,44,39,46,38,34,97,83,76,30.19,30.11,30.03,20,13,10,16,9,,0.00,8,Rain,4
1992-4-27,45,40,36,42,35,30,97,82,71,30.27,30.23,30.18,20,18,10,21,14,23,0.00,5,Rain,13
1992-4-28,59,46,32,56,38,27,100,81,30,30.27,30.17,30.03,20,16,10,17,7,,0.00,4,,250
1992-4-29,68,58,48,55,46,32,89,71,47,30.04,29.89,29.77,15,10,4,21,13,,0.00,6,Fog-Rain,217
1992-4-30,57,51,45,51,47,42,100,87,72,30.01,29.94,29.84,10,6,1,14,6,,0.00,3,Fog,53
1992-5-1,89,70,51,62,52,46,83,51,24,29.95,29.77,29.65,15,10,7,34,16,40,0.00,2,,205
1992-5-2,75,69,62,63,48,30,81,49,24,29.94,29.80,29.68,20,15,10,29,17,29,0.00,4,,262
1992-5-3,59,52,46,37,35,32,68,52,38,30.10,30.02,29.91,20,16,10,17,10,25,0.00,3,,306
1992-5-4,52,47,42,37,35,29,76,63,52,30.09,30.05,30.02,20,18,15,17,6,,0.00,5,,56
1992-5-5,52,46,41,35,29,23,79,53,35,30.29,30.15,30.02,20,20,20,21,13,25,0.00,3,,30
1992-5-6,57,47,37,38,28,17,79,50,23,30.43,30.36,30.28,20,18,10,14,8,,0.00,0,,34
1992-5-7,71,56,41,36,33,29,67,45,24,30.42,30.35,30.24,20,17,9,14,6,,0.00,0,,144
1992-5-8,71,60,48,41,36,31,68,43,23,30.23,30.11,29.95,15,12,7,18,5,,0.00,1,,55
1992-5-9,72,62,52,60,48,34,86,60,38,30.07,29.97,29.90,15,13,10,17,9,,0.00,2,,26
1992-5-10,82,68,54,58,54,32,100,62,41,30.16,30.08,30.01,20,11,3,17,8,,0.00,1,Fog,140
1992-5-11,84,74,63,65,61,54,75,62,51,30.06,29.98,29.89,20,12,10,23,13,29,0.00,3,,203
1992-5-12,78,71,64,68,61,32,100,71,28,29.89,29.85,29.81,15,10,7,16,11,,0.00,8,Rain,222
1992-5-13,66,57,48,62,44,32,87,63,28,30.12,30.05,29.90,20,17,7,23,13,34,0.00,2,,11
1992-5-14,62,55,48,52,46,40,89,75,58,30.17,30.08,30.05,15,12,6,13,6,,0.00,6,Rain,78
1992-5-15,75,62,48,56,51,46,97,73,45,30.11,30.08,30.06,15,9,3,12,7,,0.00,1,,142
1992-5-16,89,74,59,69,60,55,87,64,36,30.18,30.10,29.98,15,10,8,23,11,29,0.00,4,,184
1992-5-17,80,71,57,68,61,47,87,66,37,30.23,30.08,30.02,20,12,6,18,13,29,0.00,6,Rain,240
1992-5-18,60,53,46,51,46,43,90,79,69,30.37,30.33,30.27,20,15,6,17,15,23,0.00,3,Fog,42
1992-5-19,72,60,48,53,48,42,97,68,44,30.33,30.29,30.23,20,11,4,12,7,,0.00,0,Fog,59
1992-5-20,82,70,57,63,53,42,78,56,36,30.31,30.27,30.24,15,11,5,17,7,,0.00,0,,75
1992-5-21,84,74,64,65,62,55,84,69,51,30.32,30.26,30.19,15,7,3,14,7,,0.00,1,Fog,117
1992-5-22,82,75,68,66,64,62,84,68,54,30.24,30.18,30.10,10,7,3,17,8,,0.00,6,,224
1992-5-23,71,58,43,67,50,34,97,85,66,30.25,30.15,30.04,20,9,2,23,14,38,0.00,7,Fog-Rain,356
1992-5-24,46,42,39,37,35,32,82,74,59,30.28,30.25,30.21,20,20,15,23,16,25,0.00,6,,33
1992-5-25,50,44,39,39,34,27,86,65,41,30.21,30.10,30.05,20,18,10,14,9,,0.00,7,,36
1992-5-26,53,48,44,42,36,28,90,67,45,30.10,30.07,30.03,20,15,7,15,10,,0.00,6,Rain,38
1992-5-27,63,51,39,34,30,25,73,45,26,30.15,30.12,30.09,20,16,10,15,7,,0.00,0,,25
1992-5-28,68,56,43,44,36,32,76,49,28,30.22,30.17,30.13,20,12,5,15,5,,0.00,1,,20
1992-5-29,72,62,52,43,38,34,66,44,27,30.19,30.12,30.03,20,15,10,21,7,,0.00,3,Rain,55
1992-5-30,66,59,52,54,50,32,100,79,34,30.11,30.03,29.97,20,10,2,17,10,26,0.00,7,Fog-Rain,41
1992-5-31,75,62,48,48,46,44,90,55,33,30.20,30.16,30.11,20,16,10,12,4,,0.10,1,,49
1992-6-1,75,63,51,51,48,46,92,60,40,30.19,30.15,30.10,15,11,6,12,3,,0.00,5,,45
1992-6-2,73,62,51,51,47,32,89,55,28,30.12,29.98,28.23,20,14,10,14,6,,0.00,4,,62
1992-6-3,80,68,57,59,54,52,84,60,40,30.01,29.92,29.81,15,10,5,17,7,,0.00,3,,62
1992-6-4,71,68,64,68,61,32,100,85,28,29.80,29.74,29.70,15,5,1,12,8,,0.00,8,Fog,62
1992-6-5,77,70,62,64,61,32,100,82,32,29.80,29.71,29.66,7,4,0,13,8,,0.00,6,Fog,329
1992-6-6,84,70,57,62,60,57,100,79,47,29.86,29.81,29.76,8,5,1,15,3,,0.00,4,Fog-Rain,69
1992-6-7,75,68,60,60,52,46,90,61,35,30.08,29.99,29.88,20,14,5,17,10,,0.10,4,Fog,2
1992-6-8,73,65,57,55,52,49,84,63,42,30.17,30.13,30.09,20,17,10,15,7,,0.00,5,,64
1992-6-9,73,68,62,54,50,42,75,55,35,30.14,30.10,30.06,20,15,10,15,11,,0.00,5,,55
1992-6-10,79,68,57,54,50,45,84,53,32,30.12,30.08,30.05,20,16,10,13,6,,0.00,4,,63
1992-6-11,81,70,60,55,52,49,81,53,34,30.15,30.11,30.08,20,16,10,14,4,,0.00,1,,61
1992-6-12,84,74,63,57,54,50,75,50,32,30.11,30.06,29.97,20,15,10,14,3,,0.00,1,,72
1992-6-13,90,76,63,67,59,52,78,54,31,29.97,29.90,29.83,20,14,8,16,3,,0.00,2,,89
1992-6-14,91,78,66,69,66,63,93,73,41,29.95,29.88,29.84,15,9,6,17,9,,0.00,3,Rain-Thunderstorm,181
1992-6-15,80,73,66,66,62,56,93,71,54,30.06,30.01,29.94,15,9,4,17,9,,0.00,5,Fog,66
1992-6-16,87,76,66,69,60,46,67,55,44,30.09,30.02,29.90,15,9,4,17,12,,0.00,4,,139
1992-6-17,89,78,66,77,61,32,90,60,19,29.89,29.71,29.58,15,8,1,34,18,58,1.60,6,Rain-Thunderstorm,210
1992-6-18,81,72,64,56,37,32,63,29,17,29.82,29.74,29.72,20,18,10,21,12,30,0.00,4,,249
1992-6-19,68,61,53,55,48,43,77,70,57,30.01,29.96,29.84,20,12,9,14,12,22,0.00,7,Rain,32
1992-6-20,57,54,50,46,42,37,77,65,53,30.12,30.04,29.97,20,16,10,20,13,,0.00,6,,32
1992-6-21,60,53,46,40,38,35,74,55,42,30.20,30.16,30.12,20,20,20,15,12,,0.00,3,,33
1992-6-22,66,57,48,46,39,33,68,50,35,30.16,30.07,29.96,20,14,10,9,3,,0.00,6,Rain,200
1992-6-23,74,66,57,58,52,42,81,63,51,29.90,29.75,29.70,15,11,8,14,11,,0.00,6,,176
1992-6-24,75,66,56,63,56,53,90,79,60,29.76,29.71,29.68,10,8,5,14,7,,0.00,5,Fog-Rain-Thunderstorm,64
1992-6-25,81,68,55,62,57,32,97,69,42,29.82,29.77,29.72,20,10,4,20,5,25,0.00,4,Fog,251
1992-6-26,72,66,59,63,56,53,97,73,49,30.00,29.90,29.80,15,12,7,14,8,,0.00,3,,333
1992-6-27,68,62,55,56,46,33,90,60,27,30.11,30.05,29.99,20,16,10,17,9,,0.00,3,,38
1992-6-28,81,66,52,54,47,39,69,46,32,30.05,29.96,29.89,20,19,15,12,3,,0.10,2,,231
1992-6-29,88,76,61,62,58,53,90,60,37,29.92,29.88,29.84,20,13,10,14,8,,0.00,3,,205
1992-6-30,77,68,59,62,59,53,97,73,55,29.93,29.90,29.86,20,11,7,16,8,,0.00,3,,50
1992-7-1,90,76,63,69,64,54,84,63,48,29.88,29.83,29.77,20,9,4,12,7,,0.00,6,,90
1992-7-2,90,79,68,71,67,63,93,71,50,29.90,29.78,29.59,10,8,0,34,10,58,0.50,7,Rain-Thunderstorm,209
1992-7-3,73,69,65,66,60,54,84,71,51,30.06,29.87,29.64,20,14,10,22,13,23,0.00,6,Rain,256
1992-7-4,82,72,61,66,58,55,87,64,44,30.07,29.99,29.90,20,19,10,23,12,,0.10,4,,239
1992-7-5,74,69,64,64,51,32,87,53,29,29.96,29.93,29.90,20,18,4,14,9,,0.10,5,Rain,17
1992-7-6,75,68,61,57,52,48,78,55,41,30.06,30.02,29.96,20,18,6,14,4,,0.00,3,,60
1992-7-7,79,71,63,67,58,47,84,70,52,30.09,30.01,29.94,20,14,10,21,10,,0.10,6,,193
1992-7-8,88,79,70,75,69,62,91,73,53,29.94,29.83,29.76,20,9,3,17,12,23,0.00,7,,226
1992-7-9,79,74,70,71,64,61,79,68,54,29.99,29.94,29.88,20,14,6,15,9,,0.00,7,,252
1992-7-10,83,76,68,71,66,60,93,71,47,29.98,29.89,29.86,20,12,5,20,9,23,0.00,7,Rain,243
1992-7-11,81,74,66,68,64,59,91,72,58,30.05,29.98,29.92,20,12,7,14,6,,0.00,6,Rain-Thunderstorm,42
1992-7-12,81,76,70,74,71,66,94,86,76,29.92,29.81,29.72,10,7,2,23,10,25,0.50,7,Rain-Thunderstorm,223
1992-7-13,81,72,63,71,65,60,93,87,71,29.92,29.83,29.74,15,7,2,17,10,,0.50,7,Rain-Thunderstorm,64
1992-7-14,72,66,61,68,64,59,100,93,87,29.82,29.79,29.73,20,7,2,18,12,,0.40,8,Rain,26
1992-7-15,73,67,61,61,57,50,93,73,48,29.98,29.86,29.79,20,12,3,13,9,,0.00,4,,24
1992-7-16,77,69,61,68,59,44,93,70,45,29.92,29.86,29.77,10,6,2,17,5,,0.00,7,Rain,290
1992-7-17,86,77,68,67,63,54,96,71,37,29.98,29.91,29.86,20,10,1,17,8,,0.10,6,,266
1992-7-18,77,70,63,65,63,60,97,82,58,30.10,30.06,29.98,20,10,2,14,7,,0.40,4,Rain-Thunderstorm,355
1992-7-19,84,72,61,68,64,61,97,72,51,30.11,30.02,29.90,15,12,5,18,6,,0.00,5,,222
1992-7-20,73,69,64,68,62,60,87,74,64,30.16,30.05,29.96,15,13,10,12,9,,0.10,7,,358
1992-7-21,68,64,61,59,53,48,87,68,52,30.24,30.20,30.16,20,17,10,17,11,,0.00,3,,57
1992-7-22,70,66,61,62,58,52,90,78,61,30.22,30.11,30.02,20,11,3,14,9,,0.10,7,Rain,88
1992-7-23,68,62,57,66,58,32,97,81,37,30.14,29.99,28.54,10,5,1,12,5,,0.00,8,Rain,13
1992-7-24,73,67,61,64,61,58,100,84,70,30.20,30.16,30.11,15,7,3,12,7,,0.00,7,,38
1992-7-25,75,69,63,72,66,61,97,87,79,30.17,30.09,29.95,10,5,1,12,6,,0.00,7,,171
1992-7-26,83,78,72,73,69,63,97,79,51,29.92,29.88,29.86,15,7,2,13,8,,0.30,7,,275
1992-7-27,77,72,68,63,57,51,78,57,45,30.00,29.96,29.90,20,17,10,13,6,,0.00,4,,52
1992-7-28,84,74,63,70,62,57,87,67,47,30.00,29.96,29.91,20,15,10,17,10,28,0.10,3,,232
1992-7-29,74,70,64,69,61,52,87,73,61,30.04,29.97,29.91,20,14,7,14,8,,0.00,6,,23
1992-7-30,65,62,59,64,58,49,97,81,56,30.00,29.92,29.84,15,9,2,14,10,,0.30,7,Rain,59
1992-7-31,74,66,59,62,53,47,96,66,38,30.14,30.03,29.81,20,14,2,14,10,,0.20,5,Rain,32
1992-8-1,79,69,59,58,56,51,83,63,46,30.17,30.13,30.05,20,14,10,21,10,,0.00,2,,231
1992-8-2,77,69,61,67,62,50,90,78,58,30.05,29.98,29.93,15,9,5,17,9,,0.00,4,Rain,228
1992-8-3,77,69,61,64,58,53,87,73,45,30.00,29.97,29.95,20,14,7,14,4,,0.00,5,Rain-Thunderstorm,331
1992-8-4,74,65,56,60,54,48,93,70,45,30.18,30.10,30.01,20,18,5,17,7,,0.00,3,,353
1992-8-5,72,66,61,55,51,48,75,58,44,30.24,30.21,30.17,20,17,10,13,6,,0.00,3,,51
1992-8-6,81,71,61,60,57,53,90,62,39,30.26,30.21,30.17,20,15,10,12,7,,0.17,3,,153
1992-8-7,77,70,63,71,62,55,90,69,52,30.17,30.02,29.86,10,8,2,21,9,23,0.00,6,Rain,192
1992-8-8,84,77,70,71,67,64,93,71,53,30.04,29.96,29.86,20,10,5,17,12,,0.00,4,,259
1992-8-9,92,81,70,78,73,68,93,74,58,30.07,30.02,29.95,15,8,5,15,6,,0.00,3,,225
1992-8-10,88,82,77,77,70,51,90,69,35,29.98,29.94,29.87,20,11,7,16,11,,0.00,4,Thunderstorm,261
1992-8-11,81,73,65,62,53,48,81,49,32,30.11,30.05,29.99,20,18,10,17,11,,0.00,2,,310
1992-8-12,68,66,61,62,59,55,87,79,75,30.17,30.13,30.11,20,14,3,13,7,,0.00,6,Rain,32
1992-8-13,68,62,57,57,54,50,90,72,58,30.22,30.18,30.05,20,16,10,17,9,,0.00,6,,12
1992-8-14,68,62,57,55,50,44,87,64,42,30.32,30.27,30.23,20,15,10,16,9,,0.00,5,Rain,33
1992-8-15,72,66,59,57,51,32,80,59,31,30.29,30.26,30.22,20,16,10,18,11,,0.00,4,,41
1992-8-16,74,65,56,57,52,47,84,62,43,30.27,30.21,30.18,20,16,10,12,6,,0.00,3,,30
1992-8-17,75,65,55,54,51,47,83,58,41,30.23,30.17,30.11,20,12,7,12,2,,0.00,2,,225
1992-8-18,79,71,63,64,58,54,75,68,54,30.11,30.06,30.01,15,9,5,17,9,,0.00,5,,244
1992-8-19,73,66,59,62,54,41,90,66,32,30.19,30.15,30.09,20,16,3,17,6,,0.00,3,,30
1992-8-20,73,64,56,55,48,32,84,53,33,30.22,30.19,30.15,20,18,7,15,4,,0.00,1,,60
1992-8-21,81,69,57,55,52,49,75,53,33,30.26,30.21,30.17,20,14,8,12,2,,0.00,1,,205
1992-8-22,82,68,54,65,59,54,100,64,46,30.26,30.21,30.15,15,10,7,12,3,,0.00,4,,145
1992-8-23,86,77,68,68,66,64,90,72,51,30.20,30.16,30.12,10,5,3,17,9,,0.00,4,,188
1992-8-24,88,79,70,70,69,67,96,73,48,30.18,30.15,30.13,10,6,2,17,9,,0.00,3,,207
1992-8-25,90,81,72,73,69,67,90,68,45,30.17,30.13,30.06,15,8,4,20,10,,0.00,5,,213
1992-8-26,79,70,61,72,66,60,97,90,72,30.15,30.12,30.08,15,8,3,17,12,23,0.00,8,Rain,308
1992-8-27,65,60,56,63,60,52,97,92,81,30.10,30.00,29.94,10,5,1,21,11,,0.00,8,Rain,7
1992-8-28,68,61,54,56,49,45,97,67,45,30.02,29.97,29.93,20,15,4,20,12,,0.00,4,Rain,308
1992-8-29,81,68,54,61,56,50,86,68,47,30.05,29.96,29.83,20,15,10,23,6,29,0.00,3,,207
1992-8-30,74,68,61,63,52,47,75,56,40,30.04,29.94,29.83,20,13,10,23,17,34,0.00,3,,252
1992-8-31,75,65,55,53,51,49,83,60,41,30.17,30.13,30.06,20,19,15,14,9,,0.00,2,,272
1992-9-1,75,65,55,60,55,52,87,67,48,30.23,30.17,30.09,20,13,6,13,3,,0.00,4,,76
1992-9-2,74,71,68,68,63,56,93,78,65,30.08,29.91,29.79,10,6,3,17,12,,0.00,7,,196
1992-9-3,79,72,65,69,57,45,97,65,29,30.16,29.96,29.80,20,12,2,14,9,20,0.10,3,Rain,270
1992-9-4,79,69,59,62,54,43,84,61,40,30.26,30.22,30.17,20,17,6,12,3,,0.00,1,,106
1992-9-5,82,70,59,67,64,57,90,71,54,30.19,30.11,29.99,20,8,2,16,9,,0.00,5,,190
1992-9-6,82,76,70,68,67,65,87,75,54,30.12,30.04,29.99,20,8,4,16,10,,0.00,6,,225
1992-9-7,86,77,68,68,66,64,93,72,49,30.11,30.05,29.94,15,8,2,14,4,,0.00,5,,206
1992-9-8,72,66,59,70,54,44,93,68,36,30.12,30.04,29.91,20,16,7,21,13,23,0.50,3,Rain-Thunderstorm,262
1992-9-9,68,64,59,67,60,49,100,88,67,30.05,29.88,29.71,20,8,1,16,10,,3.00,8,Rain-Thunderstorm,198
1992-9-10,68,59,50,63,48,32,97,64,42,30.18,29.95,28.23,20,16,5,21,13,29,0.00,4,,271
1992-9-11,70,60,50,53,51,47,97,72,47,30.34,30.29,30.20,20,14,6,12,6,,0.00,2,,309
1992-9-12,73,62,52,54,51,49,86,61,43,30.34,30.28,30.21,20,17,10,17,6,,0.00,4,,197
1992-9-13,79,68,57,58,54,51,77,61,42,30.21,30.15,30.08,20,16,10,21,11,,0.10,4,,195
1992-9-14,82,72,63,71,64,56,93,73,54,30.12,30.09,30.04,10,8,1,17,12,,0.70,6,Rain-Thunderstorm,209
1992-9-15,86,78,70,73,67,63,91,78,65,30.19,30.14,30.08,10,7,5,17,11,,0.00,7,,197
1992-9-16,86,78,70,69,66,61,84,67,47,30.13,30.05,29.96,10,7,5,23,14,25,0.00,4,,217
1992-9-17,79,72,66,69,65,62,93,73,64,30.00,29.93,29.85,10,8,2,23,14,,0.20,7,Rain,220
1992-9-18,73,65,56,68,56,42,87,66,35,30.05,29.84,29.74,20,15,8,25,16,,0.00,4,,261
1992-9-19,63,52,41,45,41,32,86,61,37,30.16,30.00,28.23,20,16,6,16,7,,0.00,4,,249
1992-9-20,68,59,50,59,50,42,93,73,54,30.02,29.90,29.74,20,13,3,17,9,,0.10,6,Rain,177
1992-9-21,70,66,61,69,65,60,100,94,84,29.78,29.68,29.63,10,4,1,12,8,,0.60,8,Rain,245
1992-9-22,65,58,52,61,45,37,93,63,41,30.25,30.01,29.78,20,14,5,17,12,,0.00,2,,329
1992-9-23,56,50,45,43,40,38,77,66,51,30.43,30.36,30.28,20,18,15,15,7,,0.00,2,,46
1992-9-24,65,56,46,47,40,34,80,58,33,30.38,30.31,30.21,20,15,10,14,7,23,0.00,0,,119
1992-9-25,72,61,50,56,48,37,79,63,45,30.21,30.16,30.09,20,13,7,14,10,,0.00,2,,139
1992-9-26,70,66,59,64,60,50,100,83,57,30.10,29.96,29.83,10,7,1,15,9,23,0.70,7,Rain,194
1992-9-27,68,60,52,55,47,38,93,67,34,30.12,30.05,29.89,20,18,10,18,13,22,0.00,2,Rain,259
1992-9-28,59,54,48,49,40,34,80,57,39,30.37,30.22,30.07,20,20,15,18,11,,0.00,1,,276
1992-9-29,63,52,41,45,39,34,85,65,35,30.46,30.39,30.32,20,13,8,12,6,,0.00,2,,300
1992-9-30,68,56,45,48,42,37,89,61,33,30.33,30.29,30.22,20,14,6,12,2,,0.00,3,,212
1992-10-1,74,61,48,49,46,43,80,60,37,30.23,30.11,28.87,20,14,10,16,5,,0.00,0,,226
1992-10-2,79,66,52,55,50,32,77,59,19,30.06,29.99,29.91,20,16,10,17,11,,0.00,0,,223
1992-10-3,81,68,55,60,55,32,93,71,34,29.98,29.91,29.87,20,12,5,14,10,,0.00,1,,224
1992-10-4,68,62,57,59,52,45,93,71,48,30.20,30.06,29.96,20,14,5,17,12,,0.00,3,,51
1992-10-5,63,56,50,47,43,39,80,63,41,30.34,30.30,30.22,20,20,10,13,7,,0.00,0,,64
1992-10-6,70,58,45,50,45,40,86,66,33,30.36,30.29,30.22,20,17,10,12,4,,0.00,2,,185
1992-10-7,72,60,48,54,49,43,80,66,51,30.22,30.10,29.99,20,12,8,17,10,,0.00,4,,194
1992-10-8,68,59,50,59,50,39,90,73,55,29.98,29.78,29.64,20,11,7,23,13,,0.10,6,Rain,197
1992-10-9,54,50,45,47,44,41,86,79,71,29.86,29.76,29.66,15,12,7,25,17,25,0.00,8,Rain,224
1992-10-10,61,54,46,47,43,38,86,71,48,29.89,29.85,29.81,15,11,10,14,9,,0.00,6,Rain,250
1992-10-11,63,54,46,44,40,37,86,63,40,29.97,29.93,29.87,20,15,10,17,9,,0.00,4,,273
1992-10-12,63,54,46,42,35,28,66,49,35,29.93,29.86,29.81,20,18,15,17,11,21,0.00,4,,257
1992-10-13,61,52,43,38,30,25,62,43,28,29.99,29.92,29.82,20,17,10,17,9,,0.00,6,Rain-Thunderstorm,240
1992-10-14,65,58,50,54,48,35,93,68,40,30.01,29.84,29.67,15,10,4,17,12,,0.30,7,Rain-Thunderstorm,13
1992-10-15,55,54,52,53,51,49,100,90,83,30.05,29.96,29.87,10,4,1,17,14,,0.10,8,Rain-Thunderstorm,19
1992-10-16,50,44,36,43,32,25,77,61,46,30.33,30.10,29.84,20,14,2,17,10,,0.00,6,,304
1992-10-17,47,40,32,30,27,24,85,59,39,30.38,30.31,30.21,20,18,10,12,9,,0.00,2,,278
1992-10-18,45,40,34,33,23,15,70,49,34,30.33,30.27,30.20,20,16,10,17,6,,0.00,4,,320
1992-10-19,45,36,27,21,18,12,72,49,27,30.42,30.33,30.20,20,18,10,12,5,,0.00,4,,247
1992-10-20,59,48,36,44,38,21,93,75,43,30.24,30.06,29.93,15,9,4,23,12,,0.10,6,Rain,211
1992-10-21,52,48,43,49,38,35,86,74,52,30.44,30.33,30.13,10,6,5,6,1,,0.00,5,,321
1992-10-22,73,58,43,58,48,38,83,72,57,30.48,30.42,30.35,8,6,5,12,4,,0.00,1,,209
1992-10-23,77,67,57,65,57,53,90,71,52,30.34,30.16,30.01,10,8,6,21,12,21,0.00,4,,237
1992-10-24,61,54,47,55,48,43,90,75,60,30.14,30.09,30.01,10,7,5,17,9,,0.00,6,,10
1992-10-25,61,51,41,47,42,40,93,72,48,30.12,30.03,29.87,20,10,5,13,5,,0.00,1,,236
1992-10-26,59,52,45,47,41,37,83,64,46,30.00,29.91,29.78,20,14,10,13,11,,0.00,4,,34
1992-10-27,57,48,39,45,38,32,93,70,45,30.05,29.99,29.94,20,11,5,9,2,,0.00,1,,227
1992-10-28,63,51,39,39,35,32,79,56,35,29.93,29.89,29.83,20,13,10,17,5,,0.00,3,,260
1992-10-29,52,48,43,43,38,34,82,72,56,30.09,30.03,29.90,15,12,6,16,12,,0.00,8,,357
1992-10-30,47,46,45,40,38,34,77,72,65,30.11,30.09,30.06,15,13,10,17,13,,0.00,7,,50
1992-10-31,50,46,43,38,35,32,80,63,48,30.17,30.12,30.08,15,10,7,16,10,,0.00,7,Rain,66
1992-11-1,47,46,45,45,42,41,93,89,83,30.07,29.86,29.54,8,5,3,21,16,33,1.20,8,Rain,62
1992-11-2,57,49,41,56,45,31,97,83,63,29.61,29.41,29.32,20,10,2,25,16,34,0.70,8,Rain,206
1992-11-3,43,40,34,38,34,31,93,82,62,29.82,29.77,29.64,15,8,2,21,14,29,0.90,7,Rain,242
1992-11-4,36,35,34,33,29,26,92,78,64,29.99,29.88,29.77,15,10,5,21,15,29,0.00,7,Rain,262
1992-11-5,36,34,32,33,27,20,96,77,61,30.13,30.00,29.93,20,10,1,17,11,,0.00,7,Snow,278
1992-11-6,36,34,32,28,24,21,85,68,57,30.33,30.26,30.13,20,14,10,12,9,,0.00,7,,311
1992-11-7,38,35,32,31,27,23,82,71,57,30.34,30.31,30.28,15,10,5,8,5,,0.00,8,Snow,310
1992-11-8,45,40,34,36,31,27,89,75,58,30.35,30.27,30.18,10,8,4,17,11,,0.00,7,,199
1992-11-9,50,46,43,43,41,36,93,76,63,30.21,30.19,30.17,10,9,4,21,16,,0.10,8,Rain,207
1992-11-10,52,50,47,51,45,32,97,83,47,30.18,30.11,30.07,10,5,1,20,16,,0.20,8,Rain,211
1992-11-11,52,46,41,52,36,31,100,69,58,30.24,30.14,29.95,10,7,2,13,9,,0.10,8,Rain,39
1992-11-12,48,42,34,32,30,23,79,62,52,29.89,29.63,29.48,20,6,1,23,12,32,0.70,6,Rain,305
1992-11-13,34,32,28,30,23,18,92,68,56,30.11,29.94,29.82,20,13,0,23,17,,0.00,6,Fog-Snow,260
1992-11-14,34,30,27,21,19,14,75,64,50,30.27,30.18,30.11,20,15,7,16,12,,0.00,5,Snow,271
1992-11-15,36,32,28,25,19,14,75,61,46,30.37,30.34,30.25,20,17,10,12,9,,0.00,6,,257
1992-11-16,47,40,32,32,29,24,79,65,42,30.34,30.11,29.90,15,11,7,20,11,,0.00,6,,209
1992-11-17,45,43,39,32,32,30,73,66,60,30.24,30.09,29.91,15,8,5,12,9,,0.00,8,,15
1992-11-18,41,40,38,32,32,31,76,71,67,30.35,30.31,30.23,10,10,6,16,11,,0.00,8,,55
1992-11-19,43,41,39,32,32,27,73,68,53,30.37,30.30,30.19,10,9,3,14,12,,0.10,8,Rain,72
1992-11-20,63,53,43,49,32,30,83,47,29,30.20,29.97,29.75,15,10,5,21,12,26,0.20,8,Rain,173

